   1.00000000000000        1.00000000000000      -7.069377734012216E-003
   1.00000000000000        1.00000000000000       5.294814691895024E-004
   1.00000000000000        1.00000000000000       3.763883352130986E-003
   1.00000000000000        1.00000000000000       1.056599597077026E-002
   1.00000000000000        1.00000000000000       8.920677282107036E-003
   1.00000000000000        1.00000000000000       8.397519769320946E-003
   1.00000000000000        1.00000000000000      -3.630231911012569E-005
   1.00000000000000        1.00000000000000      -4.553961403514280E-003
   1.00000000000000        1.00000000000000      -1.169898612482865E-002
   1.00000000000000        1.00000000000000      -1.073997697571754E-002
   1.00000000000000        1.00000000000000      -8.925162087792021E-003
   1.00000000000000        1.00000000000000      -2.579321874696818E-004
   1.00000000000000        1.00000000000000       6.499290131625104E-003
   1.00000000000000        1.00000000000000       1.332479789725693E-002
   1.00000000000000        1.00000000000000       1.376801724020014E-002
   1.00000000000000        1.00000000000000       9.745109121198192E-003
   1.00000000000000        1.00000000000000       1.224731957914978E-003
   1.00000000000000        1.00000000000000      -8.757903632442332E-003
   1.00000000000000        1.00000000000000      -1.491731639029056E-002
   1.00000000000000        1.00000000000000      -1.737629164953648E-002
   1.00000000000000        1.00000000000000      -1.053479815580610E-002
   1.00000000000000        1.00000000000000      -2.266476336192413E-003
   1.00000000000000        1.00000000000000       1.159475578839006E-002
   1.00000000000000        1.00000000000000       1.706679400822096E-002
   1.00000000000000        1.00000000000000       2.164787177896960E-002
   1.00000000000000        1.00000000000000       1.161731149194474E-002
   1.00000000000000        1.00000000000000       2.996335648010134E-003
   1.00000000000000        1.00000000000000      -1.515794334532206E-002
   1.00000000000000        1.00000000000000      -2.060705733584182E-002
   1.00000000000000        1.00000000000000      -2.691402904693512E-002
   1.00000000000000        1.00000000000000      -1.374157566010278E-002
   1.00000000000000        1.00000000000000      -3.332100761428418E-003
   1.00000000000000        1.00000000000000       1.924079979288657E-002
   1.00000000000000        1.00000000000000       2.610613923138437E-002
   1.00000000000000        1.00000000000000       3.310394078254738E-002
   1.00000000000000        1.00000000000000       1.712201655880324E-002
   1.00000000000000        1.00000000000000       2.363317065550799E-003
   1.00000000000000        1.00000000000000      -2.468367749789197E-002
   1.00000000000000        1.00000000000000      -3.529219289160690E-002
   1.00000000000000        1.00000000000000      -4.112286408405099E-002
   1.00000000000000        1.00000000000000      -2.245347506804640E-002
   1.00000000000000        1.00000000000000       1.110697908770720E-003
   1.00000000000000        1.00000000000000       3.338555900511665E-002
   1.00000000000000        1.00000000000000       5.145764139462730E-002
   1.00000000000000        1.00000000000000       5.315313071242393E-002
   1.00000000000000        1.00000000000000       3.071727509980434E-002
   1.00000000000000        1.00000000000000      -1.001064705838586E-002
   1.00000000000000        1.00000000000000      -5.057723741600492E-002
   1.00000000000000        1.00000000000000      -8.242011638558966E-002
   1.00000000000000        1.00000000000000      -7.364388686553762E-002
   1.00000000000000        1.00000000000000      -4.097142819433403E-002
   1.00000000000000        1.00000000000000       3.850778883019211E-002
   1.00000000000000        1.00000000000000       9.909932342071044E-002
   1.00000000000000        1.00000000000000       0.158734866674789     
   1.00000000000000        1.00000000000000       0.112398937319912     
   1.00000000000000        1.00000000000000       2.594705291577590E-002
   1.00000000000000        1.00000000000000      -0.208049560529414     
   1.00000000000000        1.00000000000000      -0.359797604629619     
   1.00000000000000        1.00000000000000      -0.466201274601670     
   1.00000000000000        1.00000000000000        2.12633377430580     
   1.00000000000000        1.00000000000000       -1.58017187938162     
   1.00000000000000        1.00000000000000       -3.12724889038245     
   1.00000000000000        1.00000000000000       -3.90775348574356     
   1.00000000000000        1.00000000000000       -4.39208141647639     
   1.00000000000000        1.00000000000000       -4.46932792795177     
   1.00000000000000        1.00000000000000       -4.32207033372972     
   1.00000000000000        1.00000000000000       -3.92662917718390     
   1.00000000000000        1.00000000000000       -3.43159324784204     
   1.00000000000000        1.00000000000000       -2.85286204619997     
   1.00000000000000        1.00000000000000       -2.29279665529611     
   1.00000000000000        1.00000000000000       -1.75738494656535     
   1.00000000000000        1.00000000000000       -1.29132801509148     
   1.00000000000000        1.00000000000000      -0.881791129997313     
   1.00000000000000        1.00000000000000      -0.535918092418375     
   1.00000000000000        1.00000000000000      -0.242550994753410     
   1.00000000000000        1.00000000000000      -6.707673997154509E-005
   1.00000000000000        1.00000000000000       0.185709597305552     
   1.00000000000000        1.00000000000000       0.316153556572222     
   1.00000000000000        1.00000000000000       0.375829376715908     
   1.00000000000000        1.00000000000000       0.376728252412652     
   1.00000000000000        1.00000000000000       0.310037524314696     
   1.00000000000000        1.00000000000000       0.206573549150688     
   1.00000000000000        1.00000000000000       6.715809712625957E-002
   1.00000000000000        1.00000000000000      -6.765097561873160E-002
   1.00000000000000        1.00000000000000      -0.200141256922007     
   1.00000000000000        1.00000000000000      -0.297199129886640     
   1.00000000000000        1.00000000000000      -0.375721732564355     
   1.00000000000000        1.00000000000000      -0.416997977561267     
   1.00000000000000        1.00000000000000      -0.449339573301656     
   1.00000000000000        1.00000000000000      -0.460746183696574     
   1.00000000000000        1.00000000000000      -0.478341548539286     
   1.00000000000000        1.00000000000000      -0.486872330937545     
   1.00000000000000        1.00000000000000      -0.504934119184796     
   1.00000000000000        1.00000000000000      -0.513618364470950     
   1.00000000000000        1.00000000000000      -0.526241543949379     
   1.00000000000000        1.00000000000000      -0.527133659215219     
   1.00000000000000        1.00000000000000      -0.529963578062614     
   1.00000000000000        1.00000000000000      -0.525904837660843     
   1.00000000000000        1.00000000000000      -0.528075764495619     
   1.00000000000000        1.00000000000000      -0.530642631852149     
   1.00000000000000        1.00000000000000      -0.540388415667602     
   1.00000000000000        1.00000000000000      -0.549549603469629     
   1.00000000000000        1.00000000000000      -0.556267609844515     
   1.00000000000000        1.00000000000000      -0.552001690777493     
   1.00000000000000        1.00000000000000      -0.530786618359544     
   1.00000000000000        1.00000000000000      -0.489181769958065     
   1.00000000000000        1.00000000000000      -0.423169790125763     
   1.00000000000000        1.00000000000000      -0.337919003093740     
   1.00000000000000        1.00000000000000      -0.232602754980641     
   1.00000000000000        1.00000000000000      -0.118728160334259     
   1.00000000000000        1.00000000000000       4.603008611794697E-003
   1.00000000000000        1.00000000000000       0.124039344761683     
   1.00000000000000        1.00000000000000       0.243228880880469     
   1.00000000000000        1.00000000000000       0.349002570918554     
   1.00000000000000        1.00000000000000       0.447259111663967     
   1.00000000000000        1.00000000000000       0.524646780829069     
   1.00000000000000        1.00000000000000       0.588012651441507     
   1.00000000000000        1.00000000000000       0.624364607596622     
   1.00000000000000        1.00000000000000       0.642155551145492     
   1.00000000000000        1.00000000000000       0.631175750253821     
   1.00000000000000        1.00000000000000       0.602999033042176     
   1.00000000000000        1.00000000000000       0.551784633840993     
   1.00000000000000        1.00000000000000       0.491508727425288     
   1.00000000000000        1.00000000000000       0.419223065833536     
   1.00000000000000        1.00000000000000       0.347971306899762     
   1.00000000000000        1.00000000000000       0.274752015115774     
   1.00000000000000        1.00000000000000       0.208757058988913     
   1.00000000000000        1.00000000000000       0.145837780085589     
   1.00000000000000        1.00000000000000       9.129492227859301E-002
   1.00000000000000        1.00000000000000       4.135861847303211E-002
   1.00000000000000        1.00000000000000      -7.808273290993669E-004
   1.00000000000000        1.00000000000000      -3.675351603832552E-002
   1.00000000000000        1.00000000000000      -6.462447651642995E-002
   1.00000000000000        1.00000000000000      -8.398811131318423E-002
   1.00000000000000        1.00000000000000      -9.501405832942490E-002
   1.00000000000000        1.00000000000000      -9.654936094885232E-002
   1.00000000000000        1.00000000000000      -9.172679785176267E-002
   1.00000000000000        1.00000000000000      -7.915312171110496E-002
   1.00000000000000        1.00000000000000      -6.436842301089540E-002
   1.00000000000000        1.00000000000000      -4.503909143450979E-002
   1.00000000000000        1.00000000000000      -2.778792063923461E-002
   1.00000000000000        1.00000000000000      -8.713041764277814E-003
   1.00000000000000        1.00000000000000       5.232507282233882E-003
   1.00000000000000        1.00000000000000       1.929109831608622E-002
   1.00000000000000        1.00000000000000       2.635719549272057E-002
   1.00000000000000        1.00000000000000       3.264943039123690E-002
   1.00000000000000        1.00000000000000       3.146098532684410E-002
   1.00000000000000        1.00000000000000       3.017315621800106E-002
   1.00000000000000        1.00000000000000       2.336345475056137E-002
   1.00000000000000        1.00000000000000       1.952908549566303E-002
   1.00000000000000        1.00000000000000       1.446879301508874E-002
   1.00000000000000        1.00000000000000       1.635213472725817E-002
   1.00000000000000        1.00000000000000       2.068369215752335E-002
   1.00000000000000        1.00000000000000       3.304026860084718E-002
   1.00000000000000        1.00000000000000       4.724354605282763E-002
   1.00000000000000        1.00000000000000       6.537268752760408E-002
   1.00000000000000        1.00000000000000       8.033430410201643E-002
   1.00000000000000        1.00000000000000       9.234793146822397E-002
   1.00000000000000        1.00000000000000       9.615915649869132E-002
   1.00000000000000        1.00000000000000       9.277331241536403E-002
   1.00000000000000        1.00000000000000       8.101964783656306E-002
   1.00000000000000        1.00000000000000       6.365064472511645E-002
   1.00000000000000        1.00000000000000       4.323415550063209E-002
   1.00000000000000        1.00000000000000       2.269326904623466E-002
   1.00000000000000        1.00000000000000       5.978622499792171E-003
   1.00000000000000        1.00000000000000      -6.174460579995140E-003
   1.00000000000000        1.00000000000000      -1.045679311522400E-002
   1.00000000000000        1.00000000000000      -9.279618908943950E-003
   1.00000000000000        1.00000000000000      -2.418791949100442E-004
   1.00000000000000        1.00000000000000       1.188081478153694E-002
   1.00000000000000        1.00000000000000       2.942835482267794E-002
   1.00000000000000        1.00000000000000       4.650425265327178E-002
   1.00000000000000        1.00000000000000       6.598796762170314E-002
   1.00000000000000        1.00000000000000       8.155280278310609E-002
   1.00000000000000        1.00000000000000       9.659265449172988E-002
   1.00000000000000        1.00000000000000       0.104680299785033     
   1.00000000000000        1.00000000000000       0.109635459625201     
   1.00000000000000        1.00000000000000       0.105452521108862     
   1.00000000000000        1.00000000000000       9.653229257671744E-002
   1.00000000000000        1.00000000000000       7.790723337105138E-002
   1.00000000000000        1.00000000000000       5.457584647957655E-002
   1.00000000000000        1.00000000000000       2.282902994419167E-002
   1.00000000000000        1.00000000000000      -1.216802427731590E-002
   1.00000000000000        1.00000000000000      -5.304142894921152E-002
   1.00000000000000        1.00000000000000      -9.497781134493891E-002
   1.00000000000000        1.00000000000000      -0.139504136275643     
   1.00000000000000        1.00000000000000      -0.182306131310617     
   1.00000000000000        1.00000000000000      -0.224032618355212     
   1.00000000000000        1.00000000000000      -0.261056698008887     
   1.00000000000000        1.00000000000000      -0.292539474500876     
   1.00000000000000        1.00000000000000      -0.315634236434152     
   1.00000000000000        1.00000000000000      -0.328772921144596     
   1.00000000000000        1.00000000000000      -0.330834435241227     
   1.00000000000000        1.00000000000000      -0.320521644766038     
   1.00000000000000        1.00000000000000      -0.299211872733635     
   1.00000000000000        1.00000000000000      -0.266381423321303     
   1.00000000000000        1.00000000000000      -0.225793784001025     
   1.00000000000000        1.00000000000000      -0.177310296038843     
   1.00000000000000        1.00000000000000      -0.126154786729406     
   1.00000000000000        1.00000000000000      -7.177268943803873E-002
   1.00000000000000        1.00000000000000      -1.984196948718021E-002
   1.00000000000000        1.00000000000000       3.109664418077531E-002
   1.00000000000000        1.00000000000000       7.546811493136095E-002
   1.00000000000000        1.00000000000000       0.115626811318157     
   1.00000000000000        1.00000000000000       0.146326371952786     
   1.00000000000000        1.00000000000000       0.170647866342589     
   1.00000000000000        1.00000000000000       0.183928854862256     
   1.00000000000000        1.00000000000000       0.189916491710855     
   1.00000000000000        1.00000000000000       0.184874300653532     
   1.00000000000000        1.00000000000000       0.173154150773031     
   1.00000000000000        1.00000000000000       0.152145709454547     
   1.00000000000000        1.00000000000000       0.126535245663490     
   1.00000000000000        1.00000000000000       9.476429976828826E-002
   1.00000000000000        1.00000000000000       6.138245875478301E-002
   1.00000000000000        1.00000000000000       2.563319708900138E-002
   1.00000000000000        1.00000000000000      -8.583923304186013E-003
   1.00000000000000        1.00000000000000      -4.151271257658630E-002
   1.00000000000000        1.00000000000000      -7.035406112886877E-002
   1.00000000000000        1.00000000000000      -9.510314359922262E-002
   1.00000000000000        1.00000000000000      -0.114375680196329     
   1.00000000000000        1.00000000000000      -0.128054218631475     
   1.00000000000000        1.00000000000000      -0.136203424250898     
   1.00000000000000        1.00000000000000      -0.138459936257318     
   1.00000000000000        1.00000000000000      -0.136021755225150     
   1.00000000000000        1.00000000000000      -0.127947433937334     
   1.00000000000000        1.00000000000000      -0.116148660808725     
   1.00000000000000        1.00000000000000      -9.895134101934644E-002
   1.00000000000000        1.00000000000000      -7.887192203424929E-002
   1.00000000000000        1.00000000000000      -5.382388928924405E-002
   1.00000000000000        1.00000000000000      -2.719888227011560E-002
   1.00000000000000        1.00000000000000       2.946625977787465E-003
   1.00000000000000        1.00000000000000       3.218143464718932E-002
   1.00000000000000        1.00000000000000       6.213098208133111E-002
   1.00000000000000        1.00000000000000       8.778954469398965E-002
   1.00000000000000        1.00000000000000       0.110939808940964     
   1.00000000000000        1.00000000000000       0.126974819514300     
   1.00000000000000        1.00000000000000       0.138487404689272     
   1.00000000000000        1.00000000000000       0.142031748278892     
   1.00000000000000        1.00000000000000       0.141119735913453     
   1.00000000000000        1.00000000000000       0.133488523461354     
   1.00000000000000        1.00000000000000       0.122979019349043     
   1.00000000000000        1.00000000000000       0.108018964948130     
   1.00000000000000        1.00000000000000       9.202722977720414E-002
   1.00000000000000        1.00000000000000       7.375242652927982E-002
   1.00000000000000        1.00000000000000       5.582702667311909E-002
   1.00000000000000        1.00000000000000       3.735231678232595E-002
   1.00000000000000        1.00000000000000       2.017169755872477E-002
   1.00000000000000        1.00000000000000       3.890515791918904E-003
   1.00000000000000        1.00000000000000      -1.045507217761958E-002
   1.00000000000000        1.00000000000000      -2.279838524217547E-002
   1.00000000000000        1.00000000000000      -3.306183461635587E-002
   1.00000000000000        1.00000000000000      -4.084921941821564E-002
   1.00000000000000        1.00000000000000      -4.706315430503522E-002
   1.00000000000000        1.00000000000000      -5.091236846645025E-002
   1.00000000000000        1.00000000000000      -5.400680596792943E-002
   1.00000000000000        1.00000000000000      -5.493735068095510E-002
   1.00000000000000        1.00000000000000      -5.570536884253823E-002
   1.00000000000000        1.00000000000000      -5.426220408399025E-002
   1.00000000000000        1.00000000000000      -5.297304271106829E-002
   1.00000000000000        1.00000000000000      -4.947700188568340E-002
   1.00000000000000        1.00000000000000      -4.667006162330672E-002
   1.00000000000000        1.00000000000000      -4.222277979686347E-002
   1.00000000000000        1.00000000000000      -3.948784263564376E-002
   1.00000000000000        1.00000000000000      -3.613164146926189E-002
   1.00000000000000        1.00000000000000      -3.546912060705928E-002
   1.00000000000000        1.00000000000000      -3.484200747507588E-002
   1.00000000000000        1.00000000000000      -3.698307178573844E-002
   1.00000000000000        1.00000000000000      -3.880610408829500E-002
   1.00000000000000        1.00000000000000      -4.235256296471746E-002
   1.00000000000000        1.00000000000000      -4.450230950972069E-002
   1.00000000000000        1.00000000000000      -4.693464849921948E-002
   1.00000000000000        1.00000000000000      -4.709593301117390E-002
   1.00000000000000        1.00000000000000      -4.661050487518558E-002
   1.00000000000000        1.00000000000000      -4.380783148432038E-002
   1.00000000000000        1.00000000000000      -4.019842199782816E-002
   1.00000000000000        1.00000000000000      -3.491222475645214E-002
   1.00000000000000        1.00000000000000      -2.905848840785141E-002
   1.00000000000000        1.00000000000000      -2.238603059169417E-002
   1.00000000000000        1.00000000000000      -1.543085097769689E-002
   1.00000000000000        1.00000000000000      -8.530239306166433E-003
   1.00000000000000        1.00000000000000      -1.671700284757155E-003
   1.00000000000000        1.00000000000000       4.194191005771060E-003
   1.00000000000000        1.00000000000000       9.613403517611637E-003
   1.00000000000000        1.00000000000000       1.315143320408146E-002
   1.00000000000000        1.00000000000000       1.599901255100190E-002
   1.00000000000000        1.00000000000000       1.648501331940098E-002
   1.00000000000000        1.00000000000000       1.651535991590832E-002
   1.00000000000000        1.00000000000000       1.431005818829809E-002
   1.00000000000000        1.00000000000000       1.232389479797599E-002
   1.00000000000000        1.00000000000000       8.591952430257064E-003
   1.00000000000000        1.00000000000000       5.794826010246896E-003
   1.00000000000000        1.00000000000000       1.702650991768062E-003
   1.00000000000000        1.00000000000000      -9.971052599192078E-004
   1.00000000000000        1.00000000000000      -4.679266412521866E-003
   1.00000000000000        1.00000000000000      -6.674909158373427E-003
   1.00000000000000        1.00000000000000      -9.259451582390258E-003
   1.00000000000000        1.00000000000000      -9.802491948420734E-003
   1.00000000000000        1.00000000000000      -1.035590950007583E-002
   1.00000000000000        1.00000000000000      -8.528688065028127E-003
   1.00000000000000        1.00000000000000      -6.221309750773908E-003
   1.00000000000000        1.00000000000000      -1.583816504528252E-003
   1.00000000000000        1.00000000000000       3.553404846319238E-003
   1.00000000000000        1.00000000000000       1.033751738334267E-002
   1.00000000000000        1.00000000000000       1.711064888171595E-002
   1.00000000000000        1.00000000000000       2.439011491632173E-002
   1.00000000000000        1.00000000000000       3.093636459256605E-002
   1.00000000000000        1.00000000000000       3.680527997901541E-002
   1.00000000000000        1.00000000000000       4.137620448078267E-002
   1.00000000000000        1.00000000000000       4.434598679781817E-002
   1.00000000000000        1.00000000000000       4.577985586294879E-002
   1.00000000000000        1.00000000000000       4.505824704151684E-002
   1.00000000000000        1.00000000000000       4.296087720961633E-002
   1.00000000000000        1.00000000000000       3.856832162944523E-002
   1.00000000000000        1.00000000000000       3.323432305630558E-002
   1.00000000000000        1.00000000000000       2.584124436261533E-002
   1.00000000000000        1.00000000000000       1.837721361048679E-002
   1.00000000000000        1.00000000000000       9.554330445288035E-003
   1.00000000000000        1.00000000000000       1.763789017633693E-003
   1.00000000000000        1.00000000000000      -6.542441648356031E-003
   1.00000000000000        1.00000000000000      -1.284998539041082E-002
   1.00000000000000        1.00000000000000      -1.903441969691454E-002
   1.00000000000000        1.00000000000000      -2.267002461589847E-002
   1.00000000000000        1.00000000000000      -2.590101921126060E-002
   1.00000000000000        1.00000000000000      -2.647786784538273E-002
   1.00000000000000        1.00000000000000      -2.665304019706612E-002
   1.00000000000000        1.00000000000000      -2.438853588030165E-002
   1.00000000000000        1.00000000000000      -2.188692893608621E-002
   1.00000000000000        1.00000000000000      -1.738131848259744E-002
   1.00000000000000        1.00000000000000      -1.290834871687521E-002
   1.00000000000000        1.00000000000000      -7.035599620918338E-003
   1.00000000000000        1.00000000000000      -1.514222762324406E-003
   1.00000000000000        1.00000000000000       4.742479164282596E-003
   1.00000000000000        1.00000000000000       1.041238928197098E-002
   1.00000000000000        1.00000000000000       1.626039638284357E-002
   1.00000000000000        1.00000000000000       2.149938824461830E-002
   1.00000000000000        1.00000000000000       2.656011706449605E-002
   1.00000000000000        1.00000000000000       3.119966121456333E-002
   1.00000000000000        1.00000000000000       3.545100741532744E-002
   1.00000000000000        1.00000000000000       3.955848875333276E-002
   1.00000000000000        1.00000000000000       4.310892342438242E-002
   1.00000000000000        1.00000000000000       4.678391597186290E-002
   1.00000000000000        1.00000000000000       4.974062952027894E-002
   1.00000000000000        1.00000000000000       5.306529055192154E-002
   1.00000000000000        1.00000000000000       5.553472846447122E-002
   1.00000000000000        1.00000000000000       5.857549469095561E-002
   1.00000000000000        1.00000000000000       6.062131975763895E-002
   1.00000000000000        1.00000000000000       6.333625381396137E-002
   1.00000000000000        1.00000000000000       6.486436706119997E-002
   1.00000000000000        1.00000000000000       6.702903953678897E-002
   1.00000000000000        1.00000000000000       6.781000503801278E-002
   1.00000000000000        1.00000000000000       6.916733350059341E-002
   1.00000000000000        1.00000000000000       6.908360991484337E-002
   1.00000000000000        1.00000000000000       6.961597121760328E-002
   1.00000000000000        1.00000000000000       6.885282585181028E-002
   1.00000000000000        1.00000000000000       6.880989311739001E-002
   1.00000000000000        1.00000000000000       6.768393381774475E-002
   1.00000000000000        1.00000000000000       6.725876823843038E-002
   1.00000000000000        1.00000000000000       6.584569130435669E-002
   1.00000000000000        1.00000000000000       6.489538167863854E-002
   1.00000000000000        1.00000000000000       6.295440485100391E-002
   1.00000000000000        1.00000000000000       6.117735744222631E-002
   1.00000000000000        1.00000000000000       5.853208238269782E-002
   1.00000000000000        1.00000000000000       5.592986409208665E-002
   1.00000000000000        1.00000000000000       5.284736315341861E-002
   1.00000000000000        1.00000000000000       4.988600494819914E-002
   1.00000000000000        1.00000000000000       4.695813469908723E-002
   1.00000000000000        1.00000000000000       4.421199181090938E-002
   1.00000000000000        1.00000000000000       4.189000378597634E-002
   1.00000000000000        1.00000000000000       3.963640101019966E-002
   1.00000000000000        1.00000000000000       3.802937097200404E-002
   1.00000000000000        1.00000000000000       3.631265479046693E-002
   1.00000000000000        1.00000000000000       3.547308686390340E-002
   1.00000000000000        1.00000000000000       3.447422843844623E-002
   1.00000000000000        1.00000000000000       3.467809309867886E-002
   1.00000000000000        1.00000000000000       3.475801921528678E-002
   1.00000000000000        1.00000000000000       3.625836181389411E-002
   1.00000000000000        1.00000000000000       3.747940403255169E-002
   1.00000000000000        1.00000000000000       3.995667132656797E-002
   1.00000000000000        1.00000000000000       4.165758488374909E-002
   1.00000000000000        1.00000000000000       4.408913537383482E-002
   1.00000000000000        1.00000000000000       4.511535367739362E-002
   1.00000000000000        1.00000000000000       4.631547435893563E-002
   1.00000000000000        1.00000000000000       4.570337336115819E-002
   1.00000000000000        1.00000000000000       4.494561721933158E-002
   1.00000000000000        1.00000000000000       4.229723205907852E-002
   1.00000000000000        1.00000000000000       3.935873097420498E-002
   1.00000000000000        1.00000000000000       3.459141079637765E-002
   1.00000000000000        1.00000000000000       2.936097675278591E-002
   1.00000000000000        1.00000000000000       2.237185844239727E-002
   1.00000000000000        1.00000000000000       1.474953580761491E-002
   1.00000000000000        1.00000000000000       5.627917059477469E-003
   1.00000000000000        1.00000000000000      -3.994839376492417E-003
   1.00000000000000        1.00000000000000      -1.438421470211887E-002
   1.00000000000000        1.00000000000000      -2.465641066202145E-002
   1.00000000000000        1.00000000000000      -3.452193268359915E-002
   1.00000000000000        1.00000000000000      -4.340473302973830E-002
   1.00000000000000        1.00000000000000      -5.070005025297962E-002
   1.00000000000000        1.00000000000000      -5.639090393578133E-002
   1.00000000000000        1.00000000000000      -5.976855690851018E-002
   1.00000000000000        1.00000000000000      -6.146104837102971E-002
   1.00000000000000        1.00000000000000      -6.068406121499104E-002
   1.00000000000000        1.00000000000000      -5.859180991670520E-002
   1.00000000000000        1.00000000000000      -5.424325275595943E-002
   1.00000000000000        1.00000000000000      -4.914984390616252E-002
   1.00000000000000        1.00000000000000      -4.219094476485483E-002
   1.00000000000000        1.00000000000000      -3.514475070557086E-002
   1.00000000000000        1.00000000000000      -2.678669075165865E-002
   1.00000000000000        1.00000000000000      -1.910790491865514E-002
   1.00000000000000        1.00000000000000      -1.084710257502641E-002
   1.00000000000000        1.00000000000000      -4.080393426715188E-003
   1.00000000000000        1.00000000000000       2.511004278545590E-003
   1.00000000000000        1.00000000000000       6.972248802179549E-003
   1.00000000000000        1.00000000000000       1.072971467536837E-002
   1.00000000000000        1.00000000000000       1.212403833716359E-002
   1.00000000000000        1.00000000000000       1.266199173415748E-002
   1.00000000000000        1.00000000000000       1.104386705452726E-002
   1.00000000000000        1.00000000000000       8.739603827042251E-003
   1.00000000000000        1.00000000000000       4.800933793092176E-003
   1.00000000000000        1.00000000000000       5.317301481043212E-004
   1.00000000000000        1.00000000000000      -4.672535514825224E-003
   1.00000000000000        1.00000000000000      -9.765894634730630E-003
   1.00000000000000        1.00000000000000      -1.501442708807981E-002
   1.00000000000000        1.00000000000000      -1.971453433811452E-002
   1.00000000000000        1.00000000000000      -2.384338598955947E-002
   1.00000000000000        1.00000000000000      -2.714491797750435E-002
   1.00000000000000        1.00000000000000      -2.939389451076590E-002
   1.00000000000000        1.00000000000000      -3.085616279351132E-002
   1.00000000000000        1.00000000000000      -3.114778851768826E-002
   1.00000000000000        1.00000000000000      -3.101912983314446E-002
   1.00000000000000        1.00000000000000      -2.987609712096229E-002
   1.00000000000000        1.00000000000000      -2.880490148735650E-002
   1.00000000000000        1.00000000000000      -2.690896954264805E-002
   1.00000000000000        1.00000000000000      -2.544940185178529E-002
   1.00000000000000        1.00000000000000      -2.320295960928658E-002
   1.00000000000000        1.00000000000000      -2.152722312374200E-002
   1.00000000000000        1.00000000000000      -1.896268838182089E-002
   1.00000000000000        1.00000000000000      -1.696277873991333E-002
   1.00000000000000        1.00000000000000      -1.397143070704485E-002
   1.00000000000000        1.00000000000000      -1.158562687852282E-002
   1.00000000000000        1.00000000000000      -8.333456259845903E-003
   1.00000000000000        1.00000000000000      -5.857847308157525E-003
   1.00000000000000        1.00000000000000      -2.778275608617143E-003
   1.00000000000000        1.00000000000000      -6.737236603879898E-004
   1.00000000000000        1.00000000000000       1.737732515103438E-003
   1.00000000000000        1.00000000000000       3.082203720921729E-003
   1.00000000000000        1.00000000000000       4.549748229120383E-003
   1.00000000000000        1.00000000000000       5.080647279544216E-003
   1.00000000000000        1.00000000000000       5.738527531151390E-003
   1.00000000000000        1.00000000000000       5.807570734704005E-003
   1.00000000000000        1.00000000000000       6.124538429534284E-003
   1.00000000000000        1.00000000000000       6.264597092754764E-003
   1.00000000000000        1.00000000000000       6.703866754811647E-003
   1.00000000000000        1.00000000000000       7.233616311825310E-003
   1.00000000000000        1.00000000000000       7.887558262243187E-003
   1.00000000000000        1.00000000000000       8.662511635947608E-003
   1.00000000000000        1.00000000000000       9.186879303429559E-003
   1.00000000000000        1.00000000000000       9.740334008366313E-003
   1.00000000000000        1.00000000000000       9.671494773354817E-003
   1.00000000000000        1.00000000000000       9.628647897988086E-003
   1.00000000000000        1.00000000000000       8.785006294650665E-003
   1.00000000000000        1.00000000000000       8.146842484468547E-003
   1.00000000000000        1.00000000000000       6.722976628698337E-003
   1.00000000000000        1.00000000000000       5.759156071598710E-003
   1.00000000000000        1.00000000000000       4.063559583081986E-003
   1.00000000000000        1.00000000000000       2.990349434875194E-003
   1.00000000000000        1.00000000000000       1.167610606029997E-003
   1.00000000000000        1.00000000000000       1.396584613441124E-006
   1.00000000000000        1.00000000000000      -1.950769476914123E-003
   1.00000000000000        1.00000000000000      -3.233657155090673E-003
   1.00000000000000        1.00000000000000      -5.235582699607583E-003
   1.00000000000000        1.00000000000000      -6.487918688203557E-003
   1.00000000000000        1.00000000000000      -8.263798044122639E-003
   1.00000000000000        1.00000000000000      -9.182121075402451E-003
   1.00000000000000        1.00000000000000      -1.039129461081329E-002
   1.00000000000000        1.00000000000000      -1.070502940196003E-002
   1.00000000000000        1.00000000000000      -1.112020509448273E-002
   1.00000000000000        1.00000000000000      -1.069860329775743E-002
   1.00000000000000        1.00000000000000      -1.022243881501991E-002
   1.00000000000000        1.00000000000000      -9.019469454078262E-003
   1.00000000000000        1.00000000000000      -7.611424723146205E-003
   1.00000000000000        1.00000000000000      -5.630528439735800E-003
   1.00000000000000        1.00000000000000      -3.347806317309690E-003
   1.00000000000000        1.00000000000000      -7.558099102661933E-004
   1.00000000000000        1.00000000000000       2.100963598885753E-003
   1.00000000000000        1.00000000000000       4.862879396475140E-003
   1.00000000000000        1.00000000000000       7.735705849023992E-003
   1.00000000000000        1.00000000000000       1.006709705064184E-002
   1.00000000000000        1.00000000000000       1.237115910089648E-002
   1.00000000000000        1.00000000000000       1.380008312788852E-002
   1.00000000000000        1.00000000000000       1.518890323922538E-002
   1.00000000000000        1.00000000000000       1.553917825701130E-002
   1.00000000000000        1.00000000000000       1.593666962265132E-002
   1.00000000000000        1.00000000000000       1.523388480763866E-002
   1.00000000000000        1.00000000000000       1.467262213799631E-002
   1.00000000000000        1.00000000000000       1.299105885323971E-002
   1.00000000000000        1.00000000000000       1.153950278695639E-002
   1.00000000000000        1.00000000000000       9.038224656851933E-003
   1.00000000000000        1.00000000000000       6.928076986487024E-003
   1.00000000000000        1.00000000000000       4.002076081663924E-003
   1.00000000000000        1.00000000000000       1.722709920390466E-003
   1.00000000000000        1.00000000000000      -1.030255279984722E-003
   1.00000000000000        1.00000000000000      -2.912838414519315E-003
   1.00000000000000        1.00000000000000      -4.989584366901669E-003
   1.00000000000000        1.00000000000000      -6.160915594223629E-003
   1.00000000000000        1.00000000000000      -7.411957794340283E-003
   1.00000000000000        1.00000000000000      -7.911612020456940E-003
   1.00000000000000        1.00000000000000      -8.453811128017050E-003
   1.00000000000000        1.00000000000000      -8.424531717263957E-003
   1.00000000000000        1.00000000000000      -8.312689959256523E-003
   1.00000000000000        1.00000000000000      -7.703698118875166E-003
   1.00000000000000        1.00000000000000      -6.766360226786510E-003
   1.00000000000000        1.00000000000000      -5.354148008151153E-003
   1.00000000000000        1.00000000000000      -3.390704182271082E-003
   1.00000000000000        1.00000000000000      -1.084239184087108E-003
   1.00000000000000        1.00000000000000       1.821973484740342E-003
   1.00000000000000        1.00000000000000       4.757911730920042E-003
   1.00000000000000        1.00000000000000       8.168603547703129E-003
   1.00000000000000        1.00000000000000       1.120278627316306E-002
   1.00000000000000        1.00000000000000       1.453272018769987E-002
   1.00000000000000        1.00000000000000       1.711942602193656E-002
   1.00000000000000        1.00000000000000       1.985924254645536E-002
   1.00000000000000        1.00000000000000       2.158190208518295E-002
   1.00000000000000        1.00000000000000       2.335670235889822E-002
   1.00000000000000        1.00000000000000       2.392885243958674E-002
   1.00000000000000        1.00000000000000       2.449240859891080E-002
   1.00000000000000        1.00000000000000       2.378533271900584E-002
   1.00000000000000        1.00000000000000       2.309932427090226E-002
   1.00000000000000        1.00000000000000       2.125060133491134E-002
   1.00000000000000        1.00000000000000       1.957803965712919E-002
   1.00000000000000        1.00000000000000       1.701291987169140E-002
   1.00000000000000        1.00000000000000       1.483343014808984E-002
   1.00000000000000        1.00000000000000       1.207044629816421E-002
   1.00000000000000        1.00000000000000       9.818320420548336E-003
   1.00000000000000        1.00000000000000       7.205664927645520E-003
   1.00000000000000        1.00000000000000       5.080760578542673E-003
   1.00000000000000        1.00000000000000       2.732226435919438E-003
   1.00000000000000        1.00000000000000       7.751847573434323E-004
   1.00000000000000        1.00000000000000      -1.250579429244489E-003
   1.00000000000000        1.00000000000000      -2.941098338175458E-003
   1.00000000000000        1.00000000000000      -4.465243337707699E-003
   1.00000000000000        1.00000000000000      -5.660340883512687E-003
   1.00000000000000        1.00000000000000      -6.441039412622654E-003
   1.00000000000000        1.00000000000000      -6.948859029416983E-003
   1.00000000000000        1.00000000000000      -6.903895823497183E-003
   1.00000000000000        1.00000000000000      -6.776130197995129E-003
   1.00000000000000        1.00000000000000      -6.109461217133056E-003
   1.00000000000000        1.00000000000000      -5.652479217581984E-003
   1.00000000000000        1.00000000000000      -4.749571866065435E-003
   1.00000000000000        1.00000000000000      -4.338140485673366E-003
   1.00000000000000        1.00000000000000      -3.548399848508763E-003
   1.00000000000000        1.00000000000000      -3.430473130148657E-003
   1.00000000000000        1.00000000000000      -2.929734271989717E-003
   1.00000000000000        1.00000000000000      -3.163006984517857E-003
   1.00000000000000        1.00000000000000      -2.955052986841752E-003
   1.00000000000000        1.00000000000000      -3.455668105313383E-003
   1.00000000000000        1.00000000000000      -3.443265344702919E-003
   1.00000000000000        1.00000000000000      -4.065061710117925E-003
   1.00000000000000        1.00000000000000      -4.127178966289131E-003
   1.00000000000000        1.00000000000000      -4.738114564847112E-003
   1.00000000000000        1.00000000000000      -4.802416476575568E-003
   1.00000000000000        1.00000000000000      -5.350571982133475E-003
   1.00000000000000        1.00000000000000      -5.438795139310793E-003
   1.00000000000000        1.00000000000000      -5.960918065417698E-003
   1.00000000000000        1.00000000000000      -6.148578464336393E-003
   1.00000000000000        1.00000000000000      -6.720990056308435E-003
   1.00000000000000        1.00000000000000      -7.104123372517664E-003
   1.00000000000000        1.00000000000000      -7.750480124232612E-003
   1.00000000000000        1.00000000000000      -8.271092343069211E-003
   1.00000000000000        1.00000000000000      -8.836520606998832E-003
   1.00000000000000        1.00000000000000      -9.270192549780563E-003
   1.00000000000000        1.00000000000000      -9.474922809556908E-003
   1.00000000000000        1.00000000000000      -9.518773817834990E-003
   1.00000000000000        1.00000000000000      -9.071203602964083E-003
   1.00000000000000        1.00000000000000      -8.467201651405106E-003
   1.00000000000000        1.00000000000000      -7.185905272202833E-003
   1.00000000000000        1.00000000000000      -5.835844907191326E-003
   1.00000000000000        1.00000000000000      -3.752823888990775E-003
   1.00000000000000        1.00000000000000      -1.804512492624311E-003
   1.00000000000000        1.00000000000000       7.788782562913244E-004
   1.00000000000000        1.00000000000000       2.921430260455400E-003
   1.00000000000000        1.00000000000000       5.488219373003100E-003
   1.00000000000000        1.00000000000000       7.288565603528913E-003
   1.00000000000000        1.00000000000000       9.293760653297182E-003
   1.00000000000000        1.00000000000000       1.030512967028815E-002
   1.00000000000000        1.00000000000000       1.139268006797723E-002
   1.00000000000000        1.00000000000000       1.142189310601121E-002
   1.00000000000000        1.00000000000000       1.150316679413466E-002
   1.00000000000000        1.00000000000000       1.058981975747934E-002
   1.00000000000000        1.00000000000000       9.743252177394414E-003
   1.00000000000000        1.00000000000000       8.019014036065843E-003
   1.00000000000000        1.00000000000000       6.363458081788806E-003
   1.00000000000000        1.00000000000000       3.981386115381361E-003
   1.00000000000000        1.00000000000000       1.683481111375631E-003
   1.00000000000000        1.00000000000000      -1.110798748629092E-003
   1.00000000000000        1.00000000000000      -3.740201802984341E-003
   1.00000000000000        1.00000000000000      -6.542267907448506E-003
   1.00000000000000        1.00000000000000      -9.057049685217099E-003
   1.00000000000000        1.00000000000000      -1.140961454404120E-002
   1.00000000000000        1.00000000000000      -1.341533902079103E-002
   1.00000000000000        1.00000000000000      -1.503034039070037E-002
   1.00000000000000        1.00000000000000      -1.637817778955187E-002
   1.00000000000000        1.00000000000000      -1.724641976256007E-002
   1.00000000000000        1.00000000000000      -1.802878291089422E-002
   1.00000000000000        1.00000000000000      -1.830948009848672E-002
   1.00000000000000        1.00000000000000      -1.868678399955297E-002
   1.00000000000000        1.00000000000000      -1.853265849563237E-002
   1.00000000000000        1.00000000000000      -1.861543790537086E-002
   1.00000000000000        1.00000000000000      -1.814316451881734E-002
   1.00000000000000        1.00000000000000      -1.804769450308086E-002
   1.00000000000000        1.00000000000000      -1.743832426852862E-002
   1.00000000000000        1.00000000000000      -1.737620134653835E-002
   1.00000000000000        1.00000000000000      -1.689916759745773E-002
   1.00000000000000        1.00000000000000      -1.711073304019791E-002
   1.00000000000000        1.00000000000000      -1.697490576114203E-002
   1.00000000000000        1.00000000000000      -1.754487011816598E-002
   1.00000000000000        1.00000000000000      -1.773938789271109E-002
   1.00000000000000        1.00000000000000      -1.852267753416945E-002
   1.00000000000000        1.00000000000000      -1.885584431053174E-002
   1.00000000000000        1.00000000000000      -1.962308851449027E-002
   1.00000000000000        1.00000000000000      -1.992704780196769E-002
   1.00000000000000        1.00000000000000      -2.056503431771159E-002
   1.00000000000000        1.00000000000000      -2.082749740840161E-002
   1.00000000000000        1.00000000000000      -2.136681922515435E-002
   1.00000000000000        1.00000000000000      -2.165322425746974E-002
   1.00000000000000        1.00000000000000      -2.212310553297684E-002
   1.00000000000000        1.00000000000000      -2.242068985340945E-002
   1.00000000000000        1.00000000000000      -2.274109132514159E-002
   1.00000000000000        1.00000000000000      -2.293414021067428E-002
   1.00000000000000        1.00000000000000      -2.297764279774344E-002
   1.00000000000000        1.00000000000000      -2.296558552376122E-002
   1.00000000000000        1.00000000000000      -2.268279134288075E-002
   1.00000000000000        1.00000000000000      -2.246394502764278E-002
   1.00000000000000        1.00000000000000      -2.189567321792671E-002
   1.00000000000000        1.00000000000000      -2.150811538683138E-002
   1.00000000000000        1.00000000000000      -2.068241957377148E-002
   1.00000000000000        1.00000000000000      -2.010203599898359E-002
   1.00000000000000        1.00000000000000      -1.897433992671373E-002
   1.00000000000000        1.00000000000000      -1.812201898854139E-002
   1.00000000000000        1.00000000000000      -1.664466604386293E-002
   1.00000000000000        1.00000000000000      -1.549180216014704E-002
   1.00000000000000        1.00000000000000      -1.371282314094926E-002
   1.00000000000000        1.00000000000000      -1.233773991487373E-002
   1.00000000000000        1.00000000000000      -1.039324140601318E-002
   1.00000000000000        1.00000000000000      -8.916510155130203E-003
   1.00000000000000        1.00000000000000      -6.933161667863538E-003
   1.00000000000000        1.00000000000000      -5.425910845937744E-003
   1.00000000000000        1.00000000000000      -3.464715055401929E-003
   1.00000000000000        1.00000000000000      -1.944970805498468E-003
   1.00000000000000        1.00000000000000      -4.127364598606475E-005
   1.00000000000000        1.00000000000000       1.464716494194084E-003
   1.00000000000000        1.00000000000000       3.251531168921498E-003
   1.00000000000000        1.00000000000000       4.693649501667905E-003
   1.00000000000000        1.00000000000000       6.307802183848797E-003
   1.00000000000000        1.00000000000000       7.669408134650350E-003
   1.00000000000000        1.00000000000000       9.120980487825097E-003
   1.00000000000000        1.00000000000000       1.045566468101057E-002
   1.00000000000000        1.00000000000000       1.181294119525550E-002
   1.00000000000000        1.00000000000000       1.318942266447743E-002
   1.00000000000000        1.00000000000000       1.449358379724177E-002
   1.00000000000000        1.00000000000000       1.590900425534687E-002
   1.00000000000000        1.00000000000000       1.711651585628395E-002
   1.00000000000000        1.00000000000000       1.848791718250614E-002
   1.00000000000000        1.00000000000000       1.951272585906499E-002
   1.00000000000000        1.00000000000000       2.075406848493889E-002
   1.00000000000000        1.00000000000000       2.155034263532609E-002
   1.00000000000000        1.00000000000000       2.263245725463645E-002
   1.00000000000000        1.00000000000000       2.321067943451706E-002
   1.00000000000000        1.00000000000000       2.413117225592119E-002
   1.00000000000000        1.00000000000000       2.449324438506360E-002
   1.00000000000000        1.00000000000000       2.520223460421589E-002
   1.00000000000000        1.00000000000000       2.528163598920493E-002
   1.00000000000000        1.00000000000000       2.565677090904801E-002
   1.00000000000000        1.00000000000000       2.533276104661205E-002
   1.00000000000000        1.00000000000000       2.522854243242658E-002
   1.00000000000000        1.00000000000000       2.439440214804949E-002
   1.00000000000000        1.00000000000000       2.371561074368890E-002
   1.00000000000000        1.00000000000000       2.234322960894209E-002
   1.00000000000000        1.00000000000000       2.109697972965542E-002
   1.00000000000000        1.00000000000000       1.927367947586489E-002
   1.00000000000000        1.00000000000000       1.759351467973147E-002
   1.00000000000000        1.00000000000000       1.552996187943606E-002
   1.00000000000000        1.00000000000000       1.366388083794800E-002
   1.00000000000000        1.00000000000000       1.165361590809797E-002
   1.00000000000000        1.00000000000000       9.892185417938043E-003
   1.00000000000000        1.00000000000000       8.210677020170348E-003
   1.00000000000000        1.00000000000000       6.772037867776733E-003
   1.00000000000000        1.00000000000000       5.569839433131262E-003
   1.00000000000000        1.00000000000000       4.527911508454737E-003
   1.00000000000000        1.00000000000000       3.817469872234965E-003
   1.00000000000000        1.00000000000000       3.144456931891454E-003
   1.00000000000000        1.00000000000000       2.855586167137483E-003
   1.00000000000000        1.00000000000000       2.481387292096817E-003
   1.00000000000000        1.00000000000000       2.559341637646918E-003
   1.00000000000000        1.00000000000000       2.466436205388144E-003
   1.00000000000000        1.00000000000000       2.881925225606989E-003
   1.00000000000000        1.00000000000000       3.031520476166234E-003
   1.00000000000000        1.00000000000000       3.678303716630530E-003
   1.00000000000000        1.00000000000000       3.918639599862475E-003
   1.00000000000000        1.00000000000000       4.565126511640341E-003
   1.00000000000000        1.00000000000000       4.645813665630967E-003
   1.00000000000000        1.00000000000000       5.015188579076975E-003
   1.00000000000000        1.00000000000000       4.712166318573205E-003
   1.00000000000000        1.00000000000000       4.621437581343387E-003
   1.00000000000000        1.00000000000000       3.853043352580216E-003
   1.00000000000000        1.00000000000000       3.281877924841839E-003
   1.00000000000000        1.00000000000000       2.118536516261643E-003
   1.00000000000000        1.00000000000000       1.169259185263910E-003
   1.00000000000000        1.00000000000000      -2.380808546681986E-004
   1.00000000000000        1.00000000000000      -1.417941988488432E-003
   1.00000000000000        1.00000000000000      -2.903813622116136E-003
   1.00000000000000        1.00000000000000      -4.165584508585931E-003
   1.00000000000000        1.00000000000000      -5.575150923479597E-003
   1.00000000000000        1.00000000000000      -6.781879879021221E-003
   1.00000000000000        1.00000000000000      -7.980836739182349E-003
   1.00000000000000        1.00000000000000      -9.016657424088630E-003
   1.00000000000000        1.00000000000000      -9.897997842930210E-003
   1.00000000000000        1.00000000000000      -1.066534879733868E-002
   1.00000000000000        1.00000000000000      -1.113290829715731E-002
   1.00000000000000        1.00000000000000      -1.152478989565711E-002
   1.00000000000000        1.00000000000000      -1.146584467434521E-002
   1.00000000000000        1.00000000000000      -1.135703359570954E-002
   1.00000000000000        1.00000000000000      -1.066905113709269E-002
   1.00000000000000        1.00000000000000      -9.987117248213500E-003
   1.00000000000000        1.00000000000000      -8.684497518451720E-003
   1.00000000000000        1.00000000000000      -7.528727810662791E-003
   1.00000000000000        1.00000000000000      -5.836991891567476E-003
   1.00000000000000        1.00000000000000      -4.513372877852802E-003
   1.00000000000000        1.00000000000000      -2.820350719076988E-003
   1.00000000000000        1.00000000000000      -1.709851094621743E-003
   1.00000000000000        1.00000000000000      -3.737330839839094E-004
   1.00000000000000        1.00000000000000       2.745579457419370E-004
   1.00000000000000        1.00000000000000       1.099010368177954E-003
   1.00000000000000        1.00000000000000       1.266187779358777E-003
   1.00000000000000        1.00000000000000       1.633904499089418E-003
   1.00000000000000        1.00000000000000       1.452658677701584E-003
   1.00000000000000        1.00000000000000       1.499388421587476E-003
   1.00000000000000        1.00000000000000       1.117549203736186E-003
   1.00000000000000        1.00000000000000       9.584136416624242E-004
   1.00000000000000        1.00000000000000       4.945568961306826E-004
   1.00000000000000        1.00000000000000       2.380256756280014E-004
   1.00000000000000        1.00000000000000      -1.695536772719139E-004
   1.00000000000000        1.00000000000000      -3.701304859946727E-004
   1.00000000000000        1.00000000000000      -5.421862178708679E-004
   1.00000000000000        1.00000000000000      -5.143010402713893E-004
   1.00000000000000        1.00000000000000      -3.014484601063163E-004
   1.00000000000000        1.00000000000000       5.208266016847721E-005
   1.00000000000000        1.00000000000000       6.809060877349933E-004
   1.00000000000000        1.00000000000000       1.326882531488245E-003
   1.00000000000000        1.00000000000000       2.276740985693701E-003
   1.00000000000000        1.00000000000000       3.087290360132762E-003
   1.00000000000000        1.00000000000000       4.198074041429482E-003
   1.00000000000000        1.00000000000000       5.011209437100663E-003
   1.00000000000000        1.00000000000000       6.098786099408992E-003
   1.00000000000000        1.00000000000000       6.732627511395424E-003
   1.00000000000000        1.00000000000000       7.586542098652380E-003
   1.00000000000000        1.00000000000000       7.839870771977685E-003
   1.00000000000000        1.00000000000000       8.250495601410895E-003
   1.00000000000000        1.00000000000000       7.968219173109015E-003
   1.00000000000000        1.00000000000000       7.828825275188167E-003
   1.00000000000000        1.00000000000000       7.018165435858195E-003
   1.00000000000000        1.00000000000000       6.424940648380646E-003
   1.00000000000000        1.00000000000000       5.305307576202644E-003
   1.00000000000000        1.00000000000000       4.538352934967732E-003
   1.00000000000000        1.00000000000000       3.450651872403967E-003
   1.00000000000000        1.00000000000000       2.832922140276405E-003
   1.00000000000000        1.00000000000000       2.080131341189007E-003
   1.00000000000000        1.00000000000000       1.838007780267848E-003
   1.00000000000000        1.00000000000000       1.591781858175384E-003
   1.00000000000000        1.00000000000000       1.819498954868957E-003
   1.00000000000000        1.00000000000000       2.132366839653539E-003
   1.00000000000000        1.00000000000000       2.830856143274020E-003
   1.00000000000000        1.00000000000000       3.674506666816790E-003
   1.00000000000000        1.00000000000000       4.770755242558419E-003
   1.00000000000000        1.00000000000000       6.030363152566227E-003
   1.00000000000000        1.00000000000000       7.356988636346522E-003
   1.00000000000000        1.00000000000000       8.815336539019912E-003
   1.00000000000000        1.00000000000000       1.012015701587934E-002
   1.00000000000000        1.00000000000000       1.150516966461764E-002
   1.00000000000000        1.00000000000000       1.253512776609668E-002
   1.00000000000000        1.00000000000000       1.362508968260289E-002
   1.00000000000000        1.00000000000000       1.422801295303414E-002
   1.00000000000000        1.00000000000000       1.492626627893935E-002
   1.00000000000000        1.00000000000000       1.508157435964681E-002
   1.00000000000000        1.00000000000000       1.540166278220675E-002
   1.00000000000000        1.00000000000000       1.516953800720125E-002
   1.00000000000000        1.00000000000000       1.516917877237531E-002
   1.00000000000000        1.00000000000000       1.462859995447272E-002
   1.00000000000000        1.00000000000000       1.436823865741873E-002
   1.00000000000000        1.00000000000000       1.359951620858768E-002
   1.00000000000000        1.00000000000000       1.314591436354772E-002
   1.00000000000000        1.00000000000000       1.224312745749948E-002
   1.00000000000000        1.00000000000000       1.168149189170726E-002
   1.00000000000000        1.00000000000000       1.075589250104873E-002
   1.00000000000000        1.00000000000000       1.018570541040355E-002
   1.00000000000000        1.00000000000000       9.356465033519244E-003
   1.00000000000000        1.00000000000000       8.884018992969955E-003
   1.00000000000000        1.00000000000000       8.273414261432764E-003
   1.00000000000000        1.00000000000000       8.008489945801639E-003
   1.00000000000000        1.00000000000000       7.731922153009778E-003
   1.00000000000000        1.00000000000000       7.764801806974113E-003
   1.00000000000000        1.00000000000000       7.890040774566393E-003
   1.00000000000000        1.00000000000000       8.237531259877648E-003
   1.00000000000000        1.00000000000000       8.728294975885433E-003
   1.00000000000000        1.00000000000000       9.291837704690185E-003
   1.00000000000000        1.00000000000000       9.995676034661330E-003
   1.00000000000000        1.00000000000000       1.058801171337882E-002
   1.00000000000000        1.00000000000000       1.129961990426317E-002
   1.00000000000000        1.00000000000000       1.173141017950130E-002
   1.00000000000000        1.00000000000000       1.228257636895314E-002
   1.00000000000000        1.00000000000000       1.243446485513702E-002
   1.00000000000000        1.00000000000000       1.273483434330116E-002
   1.00000000000000        1.00000000000000       1.256315001952645E-002
   1.00000000000000        1.00000000000000       1.258054666903863E-002
   1.00000000000000        1.00000000000000       1.208797972685570E-002
   1.00000000000000        1.00000000000000       1.183013235729051E-002
   1.00000000000000        1.00000000000000       1.105582833072465E-002
   1.00000000000000        1.00000000000000       1.055117732074864E-002
   1.00000000000000        1.00000000000000       9.564292356904191E-003
   1.00000000000000        1.00000000000000       8.898599293212855E-003
   1.00000000000000        1.00000000000000       7.828831972041369E-003
   1.00000000000000        1.00000000000000       7.126595096863651E-003
   1.00000000000000        1.00000000000000       6.114497284480246E-003
   1.00000000000000        1.00000000000000       5.487258044574234E-003
   1.00000000000000        1.00000000000000       4.642669068590107E-003
   1.00000000000000        1.00000000000000       4.169270311492328E-003
   1.00000000000000        1.00000000000000       3.574105304297240E-003
   1.00000000000000        1.00000000000000       3.319185940356445E-003
   1.00000000000000        1.00000000000000       3.044625887590414E-003
   1.00000000000000        1.00000000000000       3.059048467939000E-003
   1.00000000000000        1.00000000000000       3.138161998263832E-003
   1.00000000000000        1.00000000000000       3.406712711644050E-003
   1.00000000000000        1.00000000000000       3.771291666175396E-003
   1.00000000000000        1.00000000000000       4.162437811132253E-003
   1.00000000000000        1.00000000000000       4.628748715095533E-003
   1.00000000000000        1.00000000000000       4.931394683224234E-003
   1.00000000000000        1.00000000000000       5.287631116879124E-003
   1.00000000000000        1.00000000000000       5.332606626730440E-003
   1.00000000000000        1.00000000000000       5.466402014247174E-003
   1.00000000000000        1.00000000000000       5.228154316040210E-003
   1.00000000000000        1.00000000000000       5.178502133115023E-003
   1.00000000000000        1.00000000000000       4.766118578178681E-003
   1.00000000000000        1.00000000000000       4.660897113728356E-003
   1.00000000000000        1.00000000000000       4.221175686247461E-003
   1.00000000000000        1.00000000000000       4.173365455446556E-003
   1.00000000000000        1.00000000000000       3.802765083480233E-003
   1.00000000000000        1.00000000000000       3.854006205354930E-003
   1.00000000000000        1.00000000000000       3.574619734915461E-003
   1.00000000000000        1.00000000000000       3.697276636006780E-003
   1.00000000000000        1.00000000000000       3.470865657491089E-003
   1.00000000000000        1.00000000000000       3.584821801570401E-003
   1.00000000000000        1.00000000000000       3.326223068542787E-003
   1.00000000000000        1.00000000000000       3.313196191516413E-003
   1.00000000000000        1.00000000000000       2.911130054981905E-003
   1.00000000000000        1.00000000000000       2.650056649210662E-003
   1.00000000000000        1.00000000000000       2.016797368163196E-003
   1.00000000000000        1.00000000000000       1.442561296537274E-003
   1.00000000000000        1.00000000000000       5.674917736115646E-004
   1.00000000000000        1.00000000000000      -2.943125581158283E-004
   1.00000000000000        1.00000000000000      -1.340366019465809E-003
   1.00000000000000        1.00000000000000      -2.400398588642426E-003
   1.00000000000000        1.00000000000000      -3.515616966584515E-003
   1.00000000000000        1.00000000000000      -4.677984442428146E-003
   1.00000000000000        1.00000000000000      -5.775907923203203E-003
   1.00000000000000        1.00000000000000      -6.960347882572257E-003
   1.00000000000000        1.00000000000000      -7.964706960964331E-003
   1.00000000000000        1.00000000000000      -9.081890110927361E-003
   1.00000000000000        1.00000000000000      -9.897652435724260E-003
   1.00000000000000        1.00000000000000      -1.083354970148553E-002
   1.00000000000000        1.00000000000000      -1.135590745935021E-002
   1.00000000000000        1.00000000000000      -1.200807138842933E-002
   1.00000000000000        1.00000000000000      -1.217632026077103E-002
   1.00000000000000        1.00000000000000      -1.251033845116833E-002
   1.00000000000000        1.00000000000000      -1.234874250376129E-002
   1.00000000000000        1.00000000000000      -1.241329780577269E-002
   1.00000000000000        1.00000000000000      -1.201720015425753E-002
   1.00000000000000        1.00000000000000      -1.191063208064610E-002
   1.00000000000000        1.00000000000000      -1.140586935586381E-002
   1.00000000000000        1.00000000000000      -1.124358268125405E-002
   1.00000000000000        1.00000000000000      -1.076783984315037E-002
   1.00000000000000        1.00000000000000      -1.067749706199868E-002
   1.00000000000000        1.00000000000000      -1.037803182800148E-002
   1.00000000000000        1.00000000000000      -1.048821987800317E-002
   1.00000000000000        1.00000000000000      -1.049002996447840E-002
   1.00000000000000        1.00000000000000      -1.087791304322967E-002
   1.00000000000000        1.00000000000000      -1.121870530553056E-002
   1.00000000000000        1.00000000000000      -1.185083472005429E-002
   1.00000000000000        1.00000000000000      -1.244592629232319E-002
   1.00000000000000        1.00000000000000      -1.318226090212910E-002
   1.00000000000000        1.00000000000000      -1.386974687938112E-002
   1.00000000000000        1.00000000000000      -1.454060298804462E-002
   1.00000000000000        1.00000000000000      -1.516945894127990E-002
   1.00000000000000        1.00000000000000      -1.565193010060848E-002
   1.00000000000000        1.00000000000000      -1.612812148116938E-002
   1.00000000000000        1.00000000000000      -1.635471172863372E-002
   1.00000000000000        1.00000000000000      -1.661840369736288E-002
   1.00000000000000        1.00000000000000      -1.653893915330195E-002
   1.00000000000000        1.00000000000000      -1.653166941203873E-002
   1.00000000000000        1.00000000000000      -1.610132312915194E-002
   1.00000000000000        1.00000000000000      -1.578176005423710E-002
   1.00000000000000        1.00000000000000      -1.499800224458145E-002
   1.00000000000000        1.00000000000000      -1.438629071165205E-002
   1.00000000000000        1.00000000000000      -1.332192136781513E-002
   1.00000000000000        1.00000000000000      -1.250925535617291E-002
   1.00000000000000        1.00000000000000      -1.129328292916449E-002
   1.00000000000000        1.00000000000000      -1.040207077566965E-002
   1.00000000000000        1.00000000000000      -9.171746189230634E-003
   1.00000000000000        1.00000000000000      -8.316291217761040E-003
   1.00000000000000        1.00000000000000      -7.195119063281898E-003
   1.00000000000000        1.00000000000000      -6.479397232553951E-003
   1.00000000000000        1.00000000000000      -5.584791409259523E-003
   1.00000000000000        1.00000000000000      -5.107678342464735E-003
   1.00000000000000        1.00000000000000      -4.539541304404869E-003
   1.00000000000000        1.00000000000000      -4.362383213699667E-003
   1.00000000000000        1.00000000000000      -4.153018046487365E-003
   1.00000000000000        1.00000000000000      -4.247103593993559E-003
   1.00000000000000        1.00000000000000      -4.323613127092558E-003
   1.00000000000000        1.00000000000000      -4.564336401813769E-003
   1.00000000000000        1.00000000000000      -4.780606256514978E-003
   1.00000000000000        1.00000000000000      -5.012774330441948E-003
   1.00000000000000        1.00000000000000      -5.231569869282225E-003
   1.00000000000000        1.00000000000000      -5.347359490779216E-003
   1.00000000000000        1.00000000000000      -5.494566180953194E-003
   1.00000000000000        1.00000000000000      -5.453463502715323E-003
   1.00000000000000        1.00000000000000      -5.505063302169898E-003
   1.00000000000000        1.00000000000000      -5.299750683729477E-003
   1.00000000000000        1.00000000000000      -5.244797185467300E-003
   1.00000000000000        1.00000000000000      -4.877194592398043E-003
   1.00000000000000        1.00000000000000      -4.716561974956560E-003
   1.00000000000000        1.00000000000000      -4.216841090019785E-003
   1.00000000000000        1.00000000000000      -3.992303816109219E-003
   1.00000000000000        1.00000000000000      -3.441127126649355E-003
   1.00000000000000        1.00000000000000      -3.237759973925326E-003
   1.00000000000000        1.00000000000000      -2.740783859533419E-003
   1.00000000000000        1.00000000000000      -2.638054299443909E-003
   1.00000000000000        1.00000000000000      -2.264242122294611E-003
   1.00000000000000        1.00000000000000      -2.279398516863618E-003
   1.00000000000000        1.00000000000000      -2.023106384172720E-003
   1.00000000000000        1.00000000000000      -2.102094242449130E-003
   1.00000000000000        1.00000000000000      -1.901186440078956E-003
   1.00000000000000        1.00000000000000      -1.956188649355226E-003
   1.00000000000000        1.00000000000000      -1.736235285938729E-003
   1.00000000000000        1.00000000000000      -1.699320607093122E-003
   1.00000000000000        1.00000000000000      -1.432611891729170E-003
   1.00000000000000        1.00000000000000      -1.286625417978430E-003
   1.00000000000000        1.00000000000000      -9.803275611697645E-004
   1.00000000000000        1.00000000000000      -7.435384891993241E-004
   1.00000000000000        1.00000000000000      -4.393823066365108E-004
   1.00000000000000        1.00000000000000      -1.650812787549949E-004
   1.00000000000000        1.00000000000000       7.036545506661115E-005
   1.00000000000000        1.00000000000000       3.125318066068513E-004
   1.00000000000000        1.00000000000000       4.153293948844240E-004
   1.00000000000000        1.00000000000000       5.715802886381538E-004
   1.00000000000000        1.00000000000000       5.098193215347088E-004
   1.00000000000000        1.00000000000000       5.601358865744203E-004
   1.00000000000000        1.00000000000000       3.333569164024661E-004
   1.00000000000000        1.00000000000000       2.719060652445483E-004
   1.00000000000000        1.00000000000000      -1.219690847472048E-004
   1.00000000000000        1.00000000000000      -3.206151890940551E-004
   1.00000000000000        1.00000000000000      -9.066298507849734E-004
   1.00000000000000        1.00000000000000      -1.284537239085838E-003
   1.00000000000000        1.00000000000000      -2.081352589416788E-003
   1.00000000000000        1.00000000000000      -2.646799958422740E-003
   1.00000000000000        1.00000000000000      -3.611157134365355E-003
   1.00000000000000        1.00000000000000      -4.294928017670278E-003
   1.00000000000000        1.00000000000000      -5.306736305761652E-003
   1.00000000000000        1.00000000000000      -5.981995911772403E-003
   1.00000000000000        1.00000000000000      -6.896755739487630E-003
   1.00000000000000        1.00000000000000      -7.448948611892531E-003
   1.00000000000000        1.00000000000000      -8.167306577249053E-003
   1.00000000000000        1.00000000000000      -8.543686238585677E-003
   1.00000000000000        1.00000000000000      -9.030687352032196E-003
   1.00000000000000        1.00000000000000      -9.226743089471273E-003
   1.00000000000000        1.00000000000000      -9.475212349580571E-003
   1.00000000000000        1.00000000000000      -9.488932336587538E-003
   1.00000000000000        1.00000000000000      -9.481334737243234E-003
   1.00000000000000        1.00000000000000      -9.293135814868165E-003
   1.00000000000000        1.00000000000000      -9.003931621674892E-003
   1.00000000000000        1.00000000000000      -8.596854395413351E-003
   1.00000000000000        1.00000000000000      -8.021976589758775E-003
   1.00000000000000        1.00000000000000      -7.410387171903249E-003
   1.00000000000000        1.00000000000000      -6.588439154487527E-003
   1.00000000000000        1.00000000000000      -5.829643596885276E-003
   1.00000000000000        1.00000000000000      -4.845769688201818E-003
   1.00000000000000        1.00000000000000      -4.040035773115145E-003
   1.00000000000000        1.00000000000000      -3.023736650468760E-003
   1.00000000000000        1.00000000000000      -2.309158855800507E-003
   1.00000000000000        1.00000000000000      -1.420864324616242E-003
   1.00000000000000        1.00000000000000      -9.469216305458390E-004
   1.00000000000000        1.00000000000000      -3.345272538017908E-004
   1.00000000000000        1.00000000000000      -2.051017330042029E-004
   1.00000000000000        1.00000000000000       5.877529392821741E-005
   1.00000000000000        1.00000000000000      -1.608374120796455E-004
   1.00000000000000        1.00000000000000      -2.107548584667620E-004
   1.00000000000000        1.00000000000000      -6.849782169798836E-004
   1.00000000000000        1.00000000000000      -9.391935073249820E-004
   1.00000000000000        1.00000000000000      -1.532243275021412E-003
   1.00000000000000        1.00000000000000      -1.872096657174487E-003
   1.00000000000000        1.00000000000000      -2.464087560163710E-003
   1.00000000000000        1.00000000000000      -2.795616231210093E-003
   1.00000000000000        1.00000000000000      -3.289241042748068E-003
