  0.000000000000000E+000  -2.06828267333192      -6.236108359761886E-017
  7.812500000000000E-003  -2.06900316853897      -1.474703070493785E-010
  1.562500000000000E-002  -2.07111419157177      -1.703389505584092E-003
  2.343750000000000E-002  -2.07229986852355      -4.362343643098553E-003
  3.125000000000000E-002  -2.07233746321880      -7.805347735892028E-003
  3.906250000000000E-002  -2.07022730217873      -8.127890443800821E-003
  4.687500000000000E-002  -2.07087808393331      -6.539304714267761E-003
  5.468750000000000E-002  -2.07325891695670      -4.950393468539455E-003
  6.250000000000000E-002  -2.07730703459013      -3.941086775858087E-003
  7.031250000000000E-002  -2.08249502702928      -3.266006780245508E-003
  7.812500000000000E-002  -2.08850093475592      -3.133273236369884E-003
  8.593750000000000E-002  -2.09584684607319      -3.292188603933338E-003
  9.375000000000000E-002  -2.10483762976908      -3.580760852579974E-003
  0.101562500000000       -2.11632132474080      -6.744394243419560E-003
  0.109375000000000       -2.12844598071947      -1.031168625512486E-002
  0.117187500000000       -2.14220606203961      -2.067044168738199E-002
  0.125000000000000       -2.15232185036365      -3.147202643261903E-002
  0.132812500000000       -2.16142461781799      -4.283857816269619E-002
  0.140625000000000       -2.17265966791552      -5.218779522565755E-002
  0.148437500000000       -2.19043476678448      -7.364737098061340E-002
  0.156250000000000       -2.19887581999519      -0.103164605266204     
  0.164062500000000       -2.18640730283990      -0.136444710313866     
  0.171875000000000       -2.17147586044149      -0.154359420108888     
  0.179687500000000       -2.14879389150374      -0.172539921154236     
  0.187500000000000       -2.12018527822216      -0.166032356833559     
  0.195312500000000       -2.10944898770709      -0.138050198302864     
  0.203125000000000       -2.12882627238857      -0.128075553067357     
  0.210937500000000       -2.14141616226160      -0.123081976217335     
  0.218750000000000       -2.17073253823597      -0.119219264956708     
  0.226562500000000       -2.19621979921666      -0.138041844839660     
  0.234375000000000       -2.21794552349507      -0.162455986271660     
  0.242187500000000       -2.22697542381026      -0.198474697103118     
  0.250000000000000       -2.22988973688757      -0.227737969864035     
  0.257812500000000       -2.23475144269884      -0.261085579318150     
  0.265625000000000       -2.21996389995551      -0.304514464126910     
  0.273437500000000       -2.19268323652194      -0.335389973850006     
  0.281250000000000       -2.15681756937060      -0.344905651323701     
  0.289062500000000       -2.14913249683906      -0.349254121676014     
  0.296875000000000       -2.13786191126122      -0.362808748624474     
  0.304687500000000       -2.12628857393995      -0.379160201783414     
  0.312500000000000       -2.10303281862638      -0.401698750460763     
  0.320312500000000       -2.07139544731611      -0.414738344072630     
  0.328125000000000       -2.03494494564512      -0.416057444006193     
  0.335937500000000       -2.01069250909060      -0.403474181282750     
  0.343750000000000       -1.98995800558337      -0.396522803571592     
  0.351562500000000       -1.96822152192451      -0.386670417958042     
  0.359375000000000       -1.94709580216994      -0.371933780147850     
  0.367187500000000       -1.92835318500150      -0.350275118804448     
  0.375000000000000       -1.91607566499682      -0.320551410777013     
  0.382812500000000       -1.91753537928115      -0.282841005738982     
  0.390625000000000       -1.94335412682289      -0.259757934274842     
  0.398437500000000       -1.96130373420030      -0.249705152821060     
  0.406250000000000       -1.97871712454150      -0.240941674274178     
  0.414062500000000       -2.00176520030916      -0.231295579054746     
  0.421875000000000       -2.03208931309608      -0.242249399940294     
  0.429687500000000       -2.05132532516011      -0.258815981404969     
  0.437500000000000       -2.06703643577496      -0.280594637119564     
  0.445312500000000       -2.07591392518315      -0.320386820854349     
  0.453125000000000       -2.04859527471203      -0.345768215448684     
  0.460937500000000       -2.02268786205664      -0.354381407946774     
  0.468750000000000       -1.99726993136338      -0.350127053656241     
  0.476562500000000       -1.97915570044007      -0.328565345837137     
  0.484375000000000       -1.98636043220029      -0.315385511297795     
  0.492187500000000       -1.98612461403935      -0.308705155664126     
  0.500000000000000       -1.98467760990237      -0.299516014190850     
  0.507812500000000       -1.98488467511043      -0.285397068658624     
  0.515625000000000       -1.99759521671246      -0.268496154707588     
  0.523437500000000       -2.01188302788452      -0.261696092823363     
  0.531250000000000       -2.02469237240169      -0.256425565717319     
  0.539062500000000       -2.03759277467255      -0.250416354122145     
  0.546875000000000       -2.05466549115131      -0.240073154180129     
  0.554687500000000       -2.08052632191572      -0.241120025957100     
  0.562500000000000       -2.10135148095696      -0.245949762098482     
  0.570312500000000       -2.12076869022471      -0.251542309954527     
  0.578125000000000       -2.14064657853538      -0.256991131202857     
  0.585937500000000       -2.16706363260527      -0.263587635201342     
  0.593750000000000       -2.19064770962948      -0.281233860272449     
  0.601562500000000       -2.21023318162385      -0.299787379242506     
  0.609375000000000       -2.22857435864971      -0.319153064863821     
  0.617187500000000       -2.24748649734479      -0.340200270277241     
  0.625000000000000       -2.26776605618510      -0.371322685919419     
  0.632812500000000       -2.27289193329601      -0.402842946022217     
  0.640625000000000       -2.27563608029549      -0.429939812076495     
  0.648437500000000       -2.27688537120817      -0.454595816838326     
  0.656250000000000       -2.27747573624641      -0.476754550647407     
  0.664062500000000       -2.28068416184847      -0.495396110687072     
  0.671875000000000       -2.28784370295248      -0.521938242443300     
  0.679687500000000       -2.28968059627914      -0.551230215496329     
  0.687500000000000       -2.28717408764736      -0.582034552900864     
  0.695312500000000       -2.27891769967701      -0.613434095523729     
  0.703125000000000       -2.26152534693392      -0.642823130015296     
  0.710937500000000       -2.23850769359518      -0.649600765841003     
  0.718750000000000       -2.23713974470485      -0.657970756390020     
  0.726562500000000       -2.23788265574214      -0.672430302252234     
  0.734375000000000       -2.23999176138637      -0.690375310712994     
  0.742187500000000       -2.24428840033251      -0.711940349297325     
  0.750000000000000       -2.25399802824431      -0.739633797884796     
  0.757812500000000       -2.26088940341132      -0.797495945419753     
  0.765625000000000       -2.23712395997806      -0.857554453228042     
  0.773437500000000       -2.19428201912179      -0.914840484340554     
  0.781250000000000       -2.12749193716067      -0.964765305097181     
  0.789062500000000       -2.03046447452913      -0.993215788598974     
  0.796875000000000       -1.90320921818403      -0.966348708716347     
  0.804687500000000       -1.85391680152852      -0.827752277651412     
  0.812500000000000       -1.88363741647193      -0.767153243450151     
  0.820312500000000       -1.90870345849421      -0.735880200471719     
  0.828125000000000       -1.93024118183316      -0.717437993367506     
  0.835937500000000       -1.94985691613120      -0.706056403306124     
  0.843750000000000       -1.96981459465550      -0.699505120411783     
  0.851562500000000       -1.99423817234643      -0.704008179587612     
  0.859375000000000       -2.00210966790793      -0.715134800059888     
  0.867187500000000       -2.00748110254582      -0.721529322917054     
  0.875000000000000       -2.01242383534430      -0.726067431651934     
  0.882812500000000       -2.01789318976650      -0.729349611878911     
  0.890625000000000       -2.02493999915782      -0.731655540742362     
  0.898437500000000       -2.03540766541261      -0.733531009967028     
  0.906250000000000       -2.05225736354155      -0.741579637311969     
  0.914062500000000       -2.06300911205804      -0.755329437084000     
  0.921875000000000       -2.07189181984317      -0.768756540371771     
  0.929687500000000       -2.08059032814315      -0.782353167911009     
  0.937500000000000       -2.09004704047158      -0.796736422369356     
  0.945312500000000       -2.10117992107969      -0.812903552880132     
  0.953125000000000       -2.11548065553935      -0.833056951230569     
  0.960937500000000       -2.13058065872798      -0.870590934357725     
  0.968750000000000       -2.12390787972777      -0.908787945961247     
  0.976562500000000       -2.11105070732766      -0.941445437498071     
  0.984375000000000       -2.09293731634442      -0.970055087655879     
  0.992187500000000       -2.06951575431673      -0.993866155159600     
   1.00000000000000       -2.04057819099582       -1.01075715109055     
   1.00781250000000       -2.00606443604906       -1.01631032140648     
   1.01562500000000       -1.96605673795983      -0.995984480208276     
   1.02343750000000       -1.98437242135334      -0.957567650898340     
   1.03125000000000       -2.00831631076198      -0.953973110420740     
   1.03906250000000       -2.03027543888950      -0.962169932582955     
   1.04687500000000       -2.05042210440678      -0.978177876314156     
   1.05468750000000       -2.06887353801438       -1.00072336498666     
   1.06250000000000       -2.08560447883341       -1.02972622382040     
   1.07031250000000       -2.10057631966014       -1.06637025589135     
   1.07812500000000       -2.11119282291283       -1.12161273802719     
   1.08593750000000       -2.09083223716455       -1.17160970577646     
   1.09375000000000       -2.06865244335775       -1.21117183457097     
   1.10156250000000       -2.04449560939676       -1.24661220926985     
   1.10937500000000       -2.01791115252166       -1.27936221931360     
   1.11718750000000       -1.98836692062670       -1.30970804283883     
   1.12500000000000       -1.95528042981431       -1.33718459590343     
   1.13281250000000       -1.91809154969861       -1.36032210514639     
   1.14062500000000       -1.87636439557195       -1.37409545030846     
   1.14843750000000       -1.84870658749576       -1.38061288237193     
   1.15625000000000       -1.82082849379212       -1.39394379321716     
   1.16406250000000       -1.79009852603808       -1.40841736470148     
   1.17187500000000       -1.75579065097308       -1.42215984398240     
   1.17968750000000       -1.71746277976846       -1.43349016450355     
   1.18750000000000       -1.67495060641026       -1.44041310824332     
   1.19531250000000       -1.62854681811387       -1.44016587048705     
   1.20312500000000       -1.57950515981963       -1.42793755879486     
   1.21093750000000       -1.54546412608028       -1.39123045634735     
   1.21875000000000       -1.53471046021042       -1.37201119858257     
   1.22656250000000       -1.52203041952586       -1.36179007257139     
   1.23437500000000       -1.50696590122742       -1.35522591784957     
   1.24218750000000       -1.48935898012357       -1.34990238480779     
   1.25000000000000       -1.46923524414629       -1.34400289455907     
   1.25781250000000       -1.44690113955232       -1.33572548869138     
   1.26562500000000       -1.42320312258404       -1.32292398697025     
   1.27343750000000       -1.40022524684494       -1.30238577384908     
   1.28125000000000       -1.39245948436519       -1.26965971683295     
   1.28906250000000       -1.39671395325923       -1.25398739774181     
   1.29687500000000       -1.39854563813950       -1.24468109370885     
   1.30468750000000       -1.39896061586617       -1.23853764195716     
   1.31250000000000       -1.39844367605490       -1.23442743291559     
   1.32031250000000       -1.39738316257337       -1.23181728797037     
   1.32812500000000       -1.39619857094846       -1.23051075301438     
   1.33593750000000       -1.39544310779216       -1.23071059833751     
   1.34375000000000       -1.39571212164932       -1.23359610348416     
   1.35156250000000       -1.39640842763515       -1.24103689633779     
   1.35937500000000       -1.38943194918422       -1.25762231292128     
   1.36718750000000       -1.37495908241818       -1.27020204449120     
   1.37500000000000       -1.35677288510383       -1.28030094205368     
   1.38281250000000       -1.33541197845580       -1.28785293888939     
   1.39062500000000       -1.31116803281509       -1.29240532057051     
   1.39843750000000       -1.28431187862405       -1.29324202411510     
   1.40625000000000       -1.25520532285773       -1.28934593174157     
   1.41406250000000       -1.22441900170720       -1.27921979521059     
   1.42187500000000       -1.19295471600926       -1.26024962300661     
   1.42968750000000       -1.16330927556796       -1.22316687493104     
   1.43750000000000       -1.17216568918143       -1.18612400720953     
   1.44531250000000       -1.17996359289171       -1.16756425365874     
   1.45312500000000       -1.18653523170109       -1.15529539070551     
   1.46093750000000       -1.19208646154184       -1.14702351476096     
   1.46875000000000       -1.19668015279835       -1.14173102458555     
   1.47656250000000       -1.20031159277536       -1.13884137519298     
   1.48437500000000       -1.20297598689249       -1.13795402794940     
   1.49218750000000       -1.20479668702800       -1.13876930747089     
   1.50000000000000       -1.20627226456752       -1.14126121479112     
   1.50781250000000       -1.20879136413648       -1.14674396575269     
   1.51562500000000       -1.20573751604171       -1.16366585963585     
   1.52343750000000       -1.19143954594955       -1.17472592363911     
   1.53125000000000       -1.17480037439724       -1.18193002905671     
   1.53906250000000       -1.15625678414439       -1.18633932434372     
   1.54687500000000       -1.13601774681978       -1.18809590857471     
   1.55468750000000       -1.11426395730397       -1.18703075653178     
   1.56250000000000       -1.09121782777034       -1.18278439492683     
   1.57031250000000       -1.06719994735006       -1.17482598644682     
   1.57812500000000       -1.04270412749003       -1.16241060004109     
   1.58593750000000       -1.01854411926260       -1.14440028550621     
   1.59375000000000      -0.996372870580729       -1.11830947156659     
   1.60156250000000      -0.991087047552116       -1.08429489737233     
   1.60937500000000      -0.990961447646084       -1.06346314677639     
   1.61718750000000      -0.989566441875443       -1.04569442509132     
   1.62500000000000      -0.987614163392610       -1.02899143600734     
   1.63281250000000      -0.985476710972354       -1.01249967856782     
   1.64062500000000      -0.983445869669121      -0.995692232925730     
   1.64843750000000      -0.981806882509656      -0.978160565357539     
   1.65625000000000      -0.980883696883388      -0.959518236433446     
   1.66406250000000      -0.981093858747522      -0.939317805533244     
   1.67187500000000      -0.983059417907201      -0.916905734414360     
   1.67968750000000      -0.987958410575347      -0.890956869717554     
   1.68750000000000       -1.00319970290857      -0.855335751453170     
   1.69531250000000       -1.03644802618483      -0.840131947989889     
   1.70312500000000       -1.06275483115130      -0.834229818133903     
   1.71093750000000       -1.08570489246414      -0.832420463723487     
   1.71875000000000       -1.10636934836356      -0.833373928575222     
   1.72656250000000       -1.12531824380072      -0.836509685283105     
   1.73437500000000       -1.14291709387960      -0.841559957825605     
   1.74218750000000       -1.15942521094006      -0.848443151189328     
   1.75000000000000       -1.17503852991891      -0.857232826490914     
   1.75781250000000       -1.18991000884700      -0.868187851599912     
   1.76562500000000       -1.20415488257570      -0.881882028606499     
   1.77343750000000       -1.21782237478169      -0.899676094226917     
   1.78125000000000       -1.23015458352374      -0.928479638264600     
   1.78906250000000       -1.21935498616062      -0.954349424106255     
   1.79687500000000       -1.20947844890152      -0.970975232378523     
   1.80468750000000       -1.19958993504178      -0.984177973530013     
   1.81250000000000       -1.18954097638695      -0.995128315635630     
   1.82031250000000       -1.17929682727361       -1.00433722232703     
   1.82812500000000       -1.16886816231472       -1.01207458940922     
   1.83593750000000       -1.15829322226283       -1.01849433495022     
   1.84375000000000       -1.14763362940292       -1.02368490126406     
   1.85156250000000       -1.13697705406046       -1.02769261828664     
   1.85937500000000       -1.12644756880569       -1.03053146062135     
   1.86718750000000       -1.11623375306596       -1.03217946763970     
   1.87500000000000       -1.10669083297515       -1.03253177605046     
   1.88281250000000       -1.09969089309335       -1.03190598432546     
   1.89062500000000       -1.09310631987182       -1.03378501665770     
   1.89843750000000       -1.08572606897437       -1.03588840087897     
   1.90625000000000       -1.07790571609128       -1.03790208638012     
   1.91406250000000       -1.06977961569051       -1.03973617576660     
   1.92187500000000       -1.06142724935805       -1.04136198164993     
   1.92968750000000       -1.05290658182677       -1.04278152248716     
   1.93750000000000       -1.04426586639327       -1.04402034486652     
   1.94531250000000       -1.03554909493337       -1.04512960409094     
   1.95312500000000       -1.02679906143542       -1.04619623627715     
   1.96093750000000       -1.01805947676036       -1.04736708377507     
   1.96875000000000       -1.00937682436992       -1.04890917147826     
   1.97656250000000       -1.00080204249533       -1.05140819621048     
   1.98437500000000      -0.992231218222994       -1.05775550702458     
   1.99218750000000      -0.974292204621666       -1.06324457991274     
   2.00000000000000      -0.956056073616716       -1.06414617381445     
   2.00781250000000      -0.937570260760608       -1.06261330370357     
   2.01562500000000      -0.918923677302817       -1.05902814220488     
   2.02343750000000      -0.900217740941372       -1.05351276183094     
   2.03125000000000      -0.881568806477741       -1.04609085976621     
   2.03906250000000      -0.863112412339482       -1.03673475037336     
   2.04687500000000      -0.845009006499631       -1.02538223054485     
   2.05468750000000      -0.827452398713882       -1.01194059557752     
   2.06250000000000      -0.810683889202149      -0.996280488911602     
   2.07031250000000      -0.795019628853099      -0.978213533182511     
   2.07812500000000      -0.780915022975523      -0.957427803532074     
   2.08593750000000      -0.769174021355663      -0.933255413975724     
   2.09375000000000      -0.763566375965913      -0.902332019634233     
   2.10156250000000      -0.770088010143931      -0.881699422433005     
   2.10937500000000      -0.773111032428788      -0.865636190877546     
   2.11718750000000      -0.774967369401117      -0.851033787811847     
   2.12500000000000      -0.776232956399224      -0.837146733266608     
   2.13281250000000      -0.777200797182138      -0.823618461151590     
   2.14062500000000      -0.778060697591543      -0.810237477712159     
   2.14843750000000      -0.778955702329131      -0.796861069541419     
   2.15625000000000      -0.780006959153348      -0.783382493705472     
   2.16406250000000      -0.781328134884961      -0.769713142624703     
   2.17187500000000      -0.783037046143975      -0.755769761884553     
   2.17968750000000      -0.785269607714959      -0.741460990241779     
   2.18750000000000      -0.788204155767518      -0.726665485349798     
   2.19531250000000      -0.792120755632706      -0.711178878209875     
   2.20312500000000      -0.797629470172495      -0.694503218529696     
   2.21093750000000      -0.809455546029445      -0.676873799489043     
   2.21875000000000      -0.822384464903565      -0.667050652126904     
   2.22656250000000      -0.833357844679948      -0.659177281527485     
   2.23437500000000      -0.843250981876019      -0.652355012128941     
   2.24218750000000      -0.852383939902626      -0.646261253344800     
   2.25000000000000      -0.860929317901877      -0.640726970975444     
   2.25781250000000      -0.868995830209905      -0.635649940397540     
   2.26562500000000      -0.876657536211340      -0.630964524162387     
   2.27343750000000      -0.883966535304852      -0.626628710635388     
   2.28125000000000      -0.890958859112762      -0.622618318679554     
   2.28906250000000      -0.897656654186072      -0.618925209484737     
   2.29687500000000      -0.904067303911317      -0.615558963495262     
   2.30468750000000      -0.910178165638435      -0.612553726349333     
   2.31250000000000      -0.915941024186275      -0.609987321899356     
   2.32031250000000      -0.921218870588354      -0.608045049046555     
   2.32812500000000      -0.925363342697817      -0.607514222225480     
   2.33593750000000      -0.925782854679815      -0.604650755600189     
   2.34375000000000      -0.927564786589122      -0.599879776487800     
   2.35156250000000      -0.929950164854931      -0.594505445486079     
   2.35937500000000      -0.932779436076688      -0.588739502225383     
   2.36718750000000      -0.935990115182537      -0.582679275613616     
   2.37500000000000      -0.939555259780608      -0.576380547990325     
   2.38281250000000      -0.943465803147204      -0.569879184964925     
   2.39062500000000      -0.947723866350128      -0.563199942814167     
   2.39843750000000      -0.952340136175574      -0.556360712617037     
   2.40625000000000      -0.957333336145927      -0.549374763294479     
   2.41406250000000      -0.962731354954439      -0.542251938968695     
   2.42187500000000      -0.968574527493106      -0.534999160034815     
   2.42968750000000      -0.974923025733151      -0.527620202442566     
   2.43750000000000      -0.981874648584265      -0.520114104526934     
   2.44531250000000      -0.989618890956433      -0.512468970385268     
   2.45312500000000      -0.998744795060746      -0.504621431979377     
   2.46093750000000       -1.00993354100382      -0.499584758691163     
   2.46875000000000       -1.01915390533550      -0.495751684004395     
   2.47656250000000       -1.02776304459908      -0.491923530619217     
   2.48437500000000       -1.03608128878316      -0.488047973323197     
   2.49218750000000       -1.04425835713889      -0.484100331607408     
   2.50000000000000       -1.05238723152482      -0.480064873433142     
   2.53125000000000       -1.08561915474619      -0.462819263906139     
   2.56250000000000       -1.12243938996133      -0.443179116822527     
   2.59375000000000       -1.17229694080232      -0.421094436014493     
   2.62500000000000       -1.22617972893115      -0.415703531925107     
   2.65625000000000       -1.27806392244659      -0.411211917134073     
   2.68750000000000       -1.33442109352808      -0.404859778309395     
   2.71875000000000       -1.40598840742750      -0.394366622671624     
   2.75000000000000       -1.51232840705663      -0.421448935923832     
   2.78125000000000       -1.58640466327053      -0.477158331932248     
   2.81250000000000       -1.64700529219080      -0.535242982841525     
   2.84375000000000       -1.70150745722582      -0.595263211625608     
   2.87500000000000       -1.75666768038088      -0.659440010687565     
   2.90625000000000       -1.80342060797687      -0.738429594594126     
   2.93750000000000       -1.84282703665001      -0.820336492911856     
   2.96875000000000       -1.87938725990462      -0.909526801554523     
   3.00000000000000       -1.91455022959155       -1.01408261132664     
   3.03125000000000       -1.92936657163557       -1.17248269416837     
   3.06250000000000       -1.86064189276965       -1.28920284547990     
   3.09375000000000       -1.79712589409033       -1.37397668784136     
   3.12500000000000       -1.73415593227930       -1.44247936616590     
   3.15625000000000       -1.67236570531890       -1.49772130640708     
   3.18750000000000       -1.61659911177619       -1.54054236121317     
   3.21875000000000       -1.56809736021484       -1.58952311829912     
   3.25000000000000       -1.51146587786742       -1.63612665351359     
   3.28125000000000       -1.45011420509759       -1.67740448982119     
   3.31250000000000       -1.38474459014321       -1.71254725881865     
   3.34375000000000       -1.31570600087963       -1.74137840549961     
   3.37500000000000       -1.23743747030967       -1.76352903516777     
   3.40625000000000       -1.15468367777988       -1.76648205908164     
   3.43750000000000       -1.07313718926180       -1.75128387907358     
   3.46875000000000      -0.996271089658159       -1.71435395698134     
   3.50000000000000      -0.930994115058268       -1.64847159021317     
   3.53125000000000      -0.897527048453524       -1.53037719148148     
   3.56250000000000       -1.00862071291548       -1.45468387013680     
   3.59375000000000       -1.08628893956211       -1.46701809907729     
   3.62500000000000       -1.14567974174983       -1.50443305599980     
   3.65625000000000       -1.19392172122540       -1.56121406248159     
   3.68750000000000       -1.23362276091749       -1.64011491820301     
   3.71875000000000       -1.26229621628268       -1.76213236756936     
   3.75000000000000       -1.18344623221871       -1.89045429805249     
   3.78125000000000       -1.10476548731434       -1.96115547584650     
   3.81250000000000       -1.02778888203426       -2.01616787776242     
   3.84375000000000      -0.950437974461852       -2.06187381328877     
   3.87500000000000      -0.871778433340938       -2.10151136400582     
   3.90625000000000      -0.790931609196810       -2.13894792176920     
   3.93750000000000      -0.691679837269680       -2.17811204774239     
   3.96875000000000      -0.581123426861373       -2.19312518727042     
   4.00000000000000      -0.468907914646720       -2.19090891268000     
   4.03125000000000      -0.356763454883487       -2.17178764232471     
   4.06250000000000      -0.247299782118673       -2.13495518534486     
   4.09375000000000      -0.144438780711904       -2.07912214285995     
   4.12500000000000      -5.826553635107451E-002  -1.99999479911381     
   4.15625000000000       3.542142161110228E-003  -1.93170600904876     
   4.18750000000000       6.781544826638601E-002  -1.85783940756436     
   4.21875000000000       0.126212534700035       -1.77282948177809     
   4.25000000000000       0.174208734593624       -1.67497908759283     
   4.28125000000000       0.206624143852197       -1.56285199794215     
   4.31250000000000       0.215141731934462       -1.43364661979738     
   4.34375000000000       0.158365555905606       -1.27536377986527     
   4.37500000000000       5.151402419402441E-002  -1.22478283516636     
   4.40625000000000      -1.952590059989177E-002  -1.20070070306822     
   4.43750000000000      -7.563962612338923E-002  -1.18699211750058     
   4.46875000000000      -0.122671944593219       -1.17934712873791     
   4.50000000000000      -0.163751158840234       -1.17554803929968     
   4.53125000000000      -0.201352141800583       -1.17386935607029     
   4.56250000000000      -0.239762269178582       -1.17122951465433     
   4.59375000000000      -0.291412960873216       -1.18466639460507     
   4.62500000000000      -0.329153454470249       -1.21279597238657     
   4.65625000000000      -0.358625823456205       -1.24676821136204     
   4.68750000000000      -0.381361727393552       -1.28635478767112     
   4.71875000000000      -0.397582212750108       -1.33245797784206     
   4.75000000000000      -0.406387221253366       -1.38732142633526     
   4.78125000000000      -0.404406273969814       -1.45658722918181     
   4.81250000000000      -0.354816402713549       -1.55802068237883     
   4.84375000000000      -0.260876507486594       -1.58670430595988     
   4.87500000000000      -0.184147764677829       -1.58910228174493     
   4.90625000000000      -0.116595186740734       -1.57632004739074     
   4.93750000000000      -5.690046192647346E-002  -1.55122440335382     
   4.96875000000000      -5.483053431029894E-003  -1.51477015550400     
   5.00000000000000       3.591430951609249E-002  -1.46677847537254     
   5.03125000000000       6.304158437734153E-002  -1.40523193522918     
   5.06250000000000       4.660665251996302E-002  -1.32559297300098     
   5.09375000000000       7.572126549503021E-003  -1.30466618527111     
   5.12500000000000      -1.564225413319463E-002  -1.29678358883149     
   5.15625000000000      -3.199153292099139E-002  -1.29452761752277     
   5.18750000000000      -4.400585366066800E-002  -1.29587324222675     
   5.21875000000000      -5.284016971034534E-002  -1.29994990087700     
   5.25000000000000      -5.908796980132858E-002  -1.30637601438306     
   5.28125000000000      -6.299922326664420E-002  -1.31511744786299     
   5.31250000000000      -6.430135631699319E-002  -1.32684846855159     
   5.34375000000000      -5.871458333193488E-002  -1.33905931409587     
   5.37500000000000      -5.249462640048403E-002  -1.34864789608177     
   5.40625000000000      -4.561762730039304E-002  -1.35836093954823     
   5.43750000000000      -3.782154057743716E-002  -1.36862369826959     
   5.46875000000000      -2.892581384366975E-002  -1.37969707916866     
   5.50000000000000      -1.871236037366785E-002  -1.39184744619833     
   5.53125000000000      -6.832413859420786E-003  -1.40545055167095     
   5.56250000000000       7.427225971682957E-003  -1.42121592777318     
   5.59375000000000       2.688425340224068E-002  -1.44178445016415     
   5.62500000000000       5.946394870091710E-002  -1.45275511460949     
   5.65625000000000       8.735010446229817E-002  -1.45772417881328     
   5.68750000000000       0.113924456450127       -1.46104868209500     
   5.71875000000000       0.140001839662033       -1.46347953217106     
   5.75000000000000       0.166054486223491       -1.46544474549910     
   5.78125000000000       0.192498488872159       -1.46730668121372     
   5.81250000000000       0.219847288997525       -1.46949223518742     
   5.84375000000000       0.248972613649395       -1.47270146031848     
   5.87500000000000       0.282289042347377       -1.47884083509384     
   5.90625000000000       0.332807029485324       -1.47813641784871     
   5.93750000000000       0.377466737083572       -1.46182364405647     
   5.96875000000000       0.417543082521998       -1.44084494022507     
   6.00000000000000       0.454213018056598       -1.41635144979917     
   6.03125000000000       0.487805805002394       -1.38881267692987     
   6.06250000000000       0.518343150575842       -1.35846675272428     
   6.09375000000000       0.545642210066547       -1.32542151854166     
   6.12500000000000       0.569278710560480       -1.28965836058446     
   6.15625000000000       0.588325977481179       -1.25091693468173     
   6.18750000000000       0.599226807882228       -1.20763026436634     
   6.21875000000000       0.597752298731802       -1.17709349560686     
   6.25000000000000       0.602102867162848       -1.15096051842351     
   6.28125000000000       0.607548841260630       -1.12535621110352     
   6.31250000000000       0.613066278781165       -1.09975727619849     
   6.34375000000000       0.618125209895840       -1.07391918278808     
   6.37500000000000       0.622340010103787       -1.04768646093531     
   6.40625000000000       0.625343358874676       -1.02092704535856     
   6.43750000000000       0.626682507292867      -0.993483670041581     
   6.46875000000000       0.625610889857942      -0.965082672237901     
   6.50000000000000       0.620069307602422      -0.934884281884318     
   6.53125000000000       0.603482458885521      -0.912583747661415     
   6.56250000000000       0.593076380735993      -0.898430838163043     
   6.59375000000000       0.585470147141901      -0.885660959603109     
   6.62500000000000       0.579504146229353      -0.873714378853516     
   6.65625000000000       0.574682798417279      -0.862348754732491     
   6.68750000000000       0.570731238086780      -0.851428424597424     
   6.71875000000000       0.567479759928633      -0.840868866403585     
   6.75000000000000       0.564822047902031      -0.830616278623129     
   6.78125000000000       0.562702689378439      -0.820640934619587     
   6.81250000000000       0.561135149964996      -0.810944049017763     
   6.84375000000000       0.560447767999686      -0.801661633812099     
   6.87500000000000       0.560712760952573      -0.790992265238882     
   6.90625000000000       0.560376978452172      -0.780046779987396     
   6.93750000000000       0.559854370998108      -0.769052945012989     
   6.96875000000000       0.559198938878588      -0.758039348678302     
   7.00000000000000       0.558417532197037      -0.747014149422695     
   7.03125000000000       0.557498874909181      -0.735978208605957     
   7.06250000000000       0.556420383288640      -0.724928586484445     
   7.09375000000000       0.555147898858422      -0.713859236956896     
   7.12500000000000       0.553628989939529      -0.702759753225221     
   7.15625000000000       0.551769693153027      -0.691609828001638     
   7.18750000000000       0.549308000776907      -0.680347113616297     
   7.21875000000000       0.545646723440273      -0.670230735954512     
   7.25000000000000       0.542814338441553      -0.660955653405176     
   7.28125000000000       0.540261098639495      -0.651781975927183     
   7.31250000000000       0.537823957060537      -0.642666915943095     
   7.34375000000000       0.535424158468968      -0.633590644358755     
   7.37500000000000       0.533008868356453      -0.624540654462420     
   7.40625000000000       0.530534939197019      -0.615507501423172     
   7.43750000000000       0.527961203214533      -0.606482901487607     
   7.46875000000000       0.525242090285295      -0.597458333705550     
   7.50000000000000       0.522317754591933      -0.588423078893096     
   7.53125000000000       0.519087290345176      -0.579359006783135     
   7.56250000000000       0.515236616321350      -0.570206075451897     
   7.59375000000000       0.510616428858129      -0.562402218417096     
   7.62500000000000       0.506729308643514      -0.554992750326149     
   7.65625000000000       0.503019812296582      -0.547641376792462     
   7.68750000000000       0.499354824983652      -0.540319697527143     
   7.71875000000000       0.495655645034512      -0.533011095040183     
   7.75000000000000       0.491857581379576      -0.525702137566129     
   7.78125000000000       0.487895395316612      -0.518379473873793     
   7.81250000000000       0.483692670386318      -0.511027562133379     
   7.84375000000000       0.479147817107673      -0.503625663118737     
   7.87500000000000       0.474106984283181      -0.496141963417718     
   7.90625000000000       0.468293015646876      -0.488517974459172     
   7.93750000000000       0.461008281674239      -0.480602311887117     
   7.96875000000000       0.449114053577584      -0.475207586011262     
   8.00000000000000       0.440318585739898      -0.474924732973337     
   8.03125000000000       0.433605977673100      -0.475105147075864     
   8.06250000000000       0.428163600212725      -0.475565988486110     
   8.09375000000000       0.423702132826238      -0.476243621702878     
   8.12500000000000       0.420082750214778      -0.477108580930953     
   8.15625000000000       0.417237532863511      -0.478147537919787     
   8.18750000000000       0.415144020168932      -0.479357621762129     
   8.21875000000000       0.413818853694248      -0.480745119495493     
   8.25000000000000       0.413324057388889      -0.482327137733551     
   8.28125000000000       0.413791659321153      -0.484137650907701     
   8.31250000000000       0.415497604656045      -0.486245402347404     
   8.34375000000000       0.419170791665315      -0.488828225298930     
   8.37500000000000       0.428482656737469      -0.489196100816484     
   8.40625000000000       0.435063908026455      -0.483460442260607     
   8.43750000000000       0.439568803261989      -0.477211261732777     
   8.46875000000000       0.442960245332069      -0.470687730341591     
   8.50000000000000       0.445573688100691      -0.463976175553605     
   8.53125000000000       0.447577536096580      -0.457121710065627     
   8.56250000000000       0.449068907014392      -0.450151763859131     
   8.59375000000000       0.450106798488644      -0.443084365154561     
   8.62500000000000       0.450726125091400      -0.435931751115312     
   8.65625000000000       0.450943705386323      -0.428702050933499     
   8.68750000000000       0.450759284827210      -0.421399876710180     
   8.71875000000000       0.450150646144376      -0.414025807671759     
   8.75000000000000       0.449053370550862      -0.406573281232048     
   8.78125000000000       0.447247373193976      -0.399009940703196     
   8.81250000000000       0.444293340046228      -0.392494277253163     
   8.84375000000000       0.441995648669525      -0.386636132977372     
   8.87500000000000       0.439822537808955      -0.380808655963481     
   8.90625000000000       0.437633145352411      -0.374988660168462     
   8.93750000000000       0.435361888327320      -0.369166144888170     
   8.96875000000000       0.432964784747844      -0.363335023557399     
   9.00000000000000       0.430404650461266      -0.357490593064296     
   9.03125000000000       0.427644212022391      -0.351628401956484     
   9.06250000000000       0.424640992685541      -0.345743466218316     
   9.09375000000000       0.421341390400774      -0.339829413991594     
   9.12500000000000       0.417671177394498      -0.333877145909193     
   9.15625000000000       0.413516277326456      -0.327872121856831     
   9.18750000000000       0.408673365086384      -0.321787307746089     
   9.21875000000000       0.402659885197085      -0.315555605120669     
   9.25000000000000       0.393017860945522      -0.310757245342506     
   9.28125000000000       0.385449169325709      -0.310572388939653     
   9.31250000000000       0.379646782398779      -0.310646423035615     
   9.34375000000000       0.374803596131719      -0.310859665494850     
   9.37500000000000       0.370650742613954      -0.311172920243537     
   9.40625000000000       0.367054136454608      -0.311567056159309     
   9.43750000000000       0.363937003228511      -0.312031464445862     
   9.46875000000000       0.361253844325356      -0.312560207334140     
   9.50000000000000       0.358979778175246      -0.313150465890192     
   9.53125000000000       0.357106335359561      -0.313801960619814     
   9.56250000000000       0.355641170224084      -0.314516978288741     
   9.59375000000000       0.354611800164657      -0.315301047281612     
   9.62500000000000       0.354076500437678      -0.316164793505555     
   9.65625000000000       0.354154506667009      -0.317129000665820     
   9.68750000000000       0.355138435936945      -0.318243290083938     
   9.71875000000000       0.358730570230348      -0.318880645765874     
   9.75000000000000       0.361517900145343      -0.315894083263348     
   9.78125000000000       0.363053314890508      -0.312696283401060     
   9.81250000000000       0.364001855696402      -0.309399822237007     
   9.84375000000000       0.364561458190605      -0.306039237663876     
   9.87500000000000       0.364827063963845      -0.302631633945029     
   9.90625000000000       0.364852153323225      -0.299187051334002     
   9.93750000000000       0.364668819667315      -0.295711891907570     
   9.96875000000000       0.364296124059878      -0.292210373041307     
   10.0000000000000       0.363743896481426      -0.288685217335304     
   10.0312500000000       0.363014239443348      -0.285137967862495     
   10.0625000000000       0.362101379333751      -0.281569053991885     
   10.0937500000000       0.360989554756262      -0.277977590876418     
   10.1250000000000       0.359647104528632      -0.274360695637528     
   10.1562500000000       0.358009684451438      -0.270711442058211     
   10.1875000000000       0.355912690066944      -0.267010414790285     
   10.2187500000000       0.352552682784760      -0.263878086245020     
   10.2500000000000       0.349920835992510      -0.262202082802256     
   10.2812500000000       0.347812115856822      -0.260595961722389     
   10.3125000000000       0.345973272843141      -0.259026721175308     
   10.3437500000000       0.344317785601907      -0.257483032594202     
   10.3750000000000       0.342801634476011      -0.255959108689674     
   10.4062500000000       0.341398508918097      -0.254451476504334     
   10.4375000000000       0.340091246982698      -0.252957861053643     
   10.4687500000000       0.338868087419012      -0.251476695562893     
   10.5000000000000       0.337720797063418      -0.250006876034285     
   10.5312500000000       0.336643675480638      -0.248547629977550     
   10.5625000000000       0.335633048120784      -0.247098448290150     
   10.5937500000000       0.334687111774086      -0.245659061771659     
   10.6250000000000       0.333806171706314      -0.244229465536965     
   10.6562500000000       0.332993619494780      -0.242810031196600     
   10.6875000000000       0.332259205813809      -0.241401886457073     
   10.7187500000000       0.331636706878878      -0.240008955994787     
   10.7500000000000       0.331185122473795      -0.238451041979812     
   10.7812500000000       0.330630518915658      -0.236800765204296     
   10.8125000000000       0.330058385521052      -0.235150233943692     
   10.8437500000000       0.329489600279121      -0.233501945151189     
   10.8750000000000       0.328933296694042      -0.231857024692981     
   10.9062500000000       0.328395108145052      -0.230216192107171     
   10.9375000000000       0.327879365627867      -0.228580022203985     
   10.9687500000000       0.327390014397622      -0.226949057211260     
   11.0000000000000       0.326931145359417      -0.225323874755666     
   11.0312500000000       0.326507423368407      -0.223705145729405     
   11.0625000000000       0.326124554806518      -0.222093700367495     
   11.0937500000000       0.325789927163639      -0.220490621097025     
   11.1250000000000       0.325513630824856      -0.218897392944421     
   11.1562500000000       0.325310311771627      -0.217316178268713     
   11.1875000000000       0.325203030853155      -0.215750391726883     
   11.2187500000000       0.325233050142458      -0.214206163798235     
   11.2500000000000       0.325495418129359      -0.212697682593141     
   11.2812500000000       0.326523339032414      -0.211017692250434     
   11.3125000000000       0.327230269989420      -0.208200070889384     
   11.3437500000000       0.327495396254061      -0.205314533671509     
   11.3750000000000       0.327527546878636      -0.202394353165731     
   11.4062500000000       0.327389406793648      -0.199450124311990     
   11.4375000000000       0.327111128667391      -0.196487313543545     
   11.4687500000000       0.326709611861414      -0.193509287143436     
   11.5000000000000       0.326194805512015      -0.190518319692625     
   11.5312500000000       0.325572342385494      -0.187516028073224     
   11.5625000000000       0.324844757290702      -0.184503584976566     
   11.5937500000000       0.324012018769011      -0.181481828969755     
   11.6250000000000       0.323071630839421      -0.178451315721789     
   11.6562500000000       0.322018356740037      -0.175412325846870     
   11.6875000000000       0.320843460963462      -0.172364827016135     
   11.7187500000000       0.319533125305156      -0.169308366226495     
   11.7500000000000       0.318065100788108      -0.166241818969555     
   11.7812500000000       0.316400684143295      -0.163162760793779     
   11.8125000000000       0.314459712064452      -0.160065453825580     
   11.8437500000000       0.311959849914569      -0.156927566941002     
   11.8750000000000       0.308877657200668      -0.155124661679321     
   11.9062500000000       0.306626430830066      -0.153639170087533     
   11.9375000000000       0.304648631507073      -0.152179306269327     
   11.9687500000000       0.302836156077378      -0.150735588403497     
   12.0000000000000       0.301140641373765      -0.149303726162827     
   13.0000000000000       0.277975976652706       0.000000000000000E+000
   14.0000000000000       0.258120549748941       0.000000000000000E+000
   15.0000000000000       0.240912513099012       0.000000000000000E+000
   16.0000000000000       0.225855481030324       0.000000000000000E+000
   17.0000000000000       0.212569864499128       0.000000000000000E+000
   18.0000000000000       0.200760427582510       0.000000000000000E+000
   19.0000000000000       0.190194089288694       0.000000000000000E+000
   20.0000000000000       0.180684384824259       0.000000000000000E+000
   21.0000000000000       0.172080366499294       0.000000000000000E+000
   22.0000000000000       0.164258531658417       0.000000000000000E+000
   23.0000000000000       0.157116856368921       0.000000000000000E+000
   24.0000000000000       0.150570320686883       0.000000000000000E+000
   25.0000000000000       0.144547507859407       0.000000000000000E+000
   26.0000000000000       0.138987988326353       0.000000000000000E+000
   27.0000000000000       0.133840285055007       0.000000000000000E+000
   28.0000000000000       0.129060274874471       0.000000000000000E+000
   29.0000000000000       0.124609920568454       0.000000000000000E+000
   30.0000000000000       0.120456256549506       0.000000000000000E+000
   31.0000000000000       0.116570570854361       0.000000000000000E+000
   32.0000000000000       0.112927740515162       0.000000000000000E+000
   33.0000000000000       0.109505687772278       0.000000000000000E+000
   34.0000000000000       0.106284932249564       0.000000000000000E+000
   35.0000000000000       0.103248219899577       0.000000000000000E+000
   36.0000000000000       0.100380213791255       0.000000000000000E+000
   37.0000000000000       9.766723504014001E-002  0.000000000000000E+000
   38.0000000000000       9.509704464434685E-002  0.000000000000000E+000
   39.0000000000000       9.265865888423540E-002  0.000000000000000E+000
   40.0000000000000       9.034219241212951E-002  0.000000000000000E+000
   41.0000000000000       8.813872430451659E-002  0.000000000000000E+000
   42.0000000000000       8.604018324964716E-002  0.000000000000000E+000
   43.0000000000000       8.403924875546931E-002  0.000000000000000E+000
   44.0000000000000       8.212926582920864E-002  0.000000000000000E+000
   45.0000000000000       8.030417103300401E-002  0.000000000000000E+000
   46.0000000000000       7.855842818446045E-002  0.000000000000000E+000
   47.0000000000000       7.688697226564213E-002  0.000000000000000E+000
   48.0000000000000       7.528516034344125E-002  0.000000000000000E+000
   49.0000000000000       7.374872849969756E-002  0.000000000000000E+000
   50.0000000000000       7.227375392970360E-002  0.000000000000000E+000
   51.0000000000000       7.085662149970942E-002  0.000000000000000E+000
   52.0000000000000       6.949399416317655E-002  0.000000000000000E+000
   53.0000000000000       6.818278672613548E-002  0.000000000000000E+000
   54.0000000000000       6.692014252750333E-002  0.000000000000000E+000
   55.0000000000000       6.570341266336692E-002  0.000000000000000E+000
   56.0000000000000       6.453013743723536E-002  0.000000000000000E+000
   57.0000000000000       6.339802976289791E-002  0.000000000000000E+000
   58.0000000000000       6.230496028422725E-002  0.000000000000000E+000
   59.0000000000000       6.124894400822339E-002  0.000000000000000E+000
   60.0000000000000       6.022812827475300E-002  0.000000000000000E+000
   61.0000000000000       5.924078190959312E-002  0.000000000000000E+000
   62.0000000000000       5.828528542718033E-002  0.000000000000000E+000
   63.0000000000000       5.736012216643143E-002  0.000000000000000E+000
   64.0000000000000       5.646387025758094E-002  0.000000000000000E+000
   65.0000000000000       5.559519533054123E-002  0.000000000000000E+000
   66.0000000000000       5.475284388613910E-002  0.000000000000000E+000
   67.0000000000000       5.393563726097284E-002  0.000000000000000E+000
   68.0000000000000       5.314246612478207E-002  0.000000000000000E+000
   69.0000000000000       5.237228545630696E-002  0.000000000000000E+000
   70.0000000000000       5.162410994978829E-002  0.000000000000000E+000
   71.0000000000000       5.089700980965043E-002  0.000000000000000E+000
   72.0000000000000       5.019010689562750E-002  0.000000000000000E+000
   73.0000000000000       4.950257118472850E-002  0.000000000000000E+000
   74.0000000000000       4.883361752007000E-002  0.000000000000000E+000
   75.0000000000000       4.818250261980241E-002  0.000000000000000E+000
   76.0000000000000       4.754852232217342E-002  0.000000000000000E+000
   77.0000000000000       4.693100904526208E-002  0.000000000000000E+000
   78.0000000000000       4.632932944211770E-002  0.000000000000000E+000
   79.0000000000000       4.574288223398962E-002  0.000000000000000E+000
   80.0000000000000       4.517109620606476E-002  0.000000000000000E+000
   81.0000000000000       4.461342835166889E-002  0.000000000000000E+000
   82.0000000000000       4.406936215225830E-002  0.000000000000000E+000
   83.0000000000000       4.353840598174916E-002  0.000000000000000E+000
   84.0000000000000       4.302009162482358E-002  0.000000000000000E+000
   85.0000000000000       4.251397289982565E-002  0.000000000000000E+000
   86.0000000000000       4.201962437773465E-002  0.000000000000000E+000
   87.0000000000000       4.153664018948483E-002  0.000000000000000E+000
   88.0000000000000       4.106463291460432E-002  0.000000000000000E+000
   89.0000000000000       4.060323254477731E-002  0.000000000000000E+000
   90.0000000000000       4.015208551650200E-002  0.000000000000000E+000
   91.0000000000000       3.971085380752945E-002  0.000000000000000E+000
   92.0000000000000       3.927921409223022E-002  0.000000000000000E+000
   93.0000000000000       3.885685695145355E-002  0.000000000000000E+000
   94.0000000000000       3.844348613282107E-002  0.000000000000000E+000
   95.0000000000000       3.803881785773874E-002  0.000000000000000E+000
   96.0000000000000       3.764258017172063E-002  0.000000000000000E+000
   97.0000000000000       3.725451233489877E-002  0.000000000000000E+000
   98.0000000000000       3.687436424984878E-002  0.000000000000000E+000
   99.0000000000000       3.650189592409273E-002  0.000000000000000E+000
   100.000000000000       3.613687696485180E-002  0.000000000000000E+000
   101.000000000000       3.577908610381367E-002  0.000000000000000E+000
   102.000000000000       3.542831074985471E-002  0.000000000000000E+000
   103.000000000000       3.508434656781728E-002  0.000000000000000E+000
   104.000000000000       3.474699708158827E-002  0.000000000000000E+000
   105.000000000000       3.441607329985886E-002  0.000000000000000E+000
   106.000000000000       3.409139336306774E-002  0.000000000000000E+000
   107.000000000000       3.377278221014187E-002  0.000000000000000E+000
   108.000000000000       3.346007126375167E-002  0.000000000000000E+000
   109.000000000000       3.315309813289156E-002  0.000000000000000E+000
   110.000000000000       3.285170633168346E-002  0.000000000000000E+000
   111.000000000000       3.255574501338000E-002  0.000000000000000E+000
   112.000000000000       3.226506871861768E-002  0.000000000000000E+000
   113.000000000000       3.197953713703700E-002  0.000000000000000E+000
   114.000000000000       3.169901488144895E-002  0.000000000000000E+000
   115.000000000000       3.142337127378417E-002  0.000000000000000E+000
   116.000000000000       3.115248014211362E-002  0.000000000000000E+000
   117.000000000000       3.088621962807846E-002  0.000000000000000E+000
   118.000000000000       3.062447200411170E-002  0.000000000000000E+000
   119.000000000000       3.036712349987546E-002  0.000000000000000E+000
   120.000000000000       3.011406413737650E-002  0.000000000000000E+000
   121.000000000000       2.986518757425769E-002  0.000000000000000E+000
   122.000000000000       2.962039095479656E-002  0.000000000000000E+000
   123.000000000000       2.937957476817220E-002  0.000000000000000E+000
   124.000000000000       2.914264271359016E-002  0.000000000000000E+000
   125.000000000000       2.890950157188144E-002  0.000000000000000E+000
   126.000000000000       2.868006108321572E-002  0.000000000000000E+000
   127.000000000000       2.845423383059197E-002  0.000000000000000E+000
   128.000000000000       2.823193512879047E-002  0.000000000000000E+000
   129.000000000000       2.801308291848977E-002  0.000000000000000E+000
   130.000000000000       2.779759766527062E-002  0.000000000000000E+000
   131.000000000000       2.758540226324565E-002  0.000000000000000E+000
   132.000000000000       2.737642194306955E-002  0.000000000000000E+000
   133.000000000000       2.717058418409910E-002  0.000000000000000E+000
   134.000000000000       2.696781863048642E-002  0.000000000000000E+000
   135.000000000000       2.676805701100134E-002  0.000000000000000E+000
   136.000000000000       2.657123306239103E-002  0.000000000000000E+000
   137.000000000000       2.637728245609621E-002  0.000000000000000E+000
   138.000000000000       2.618614272815348E-002  0.000000000000000E+000
   139.000000000000       2.599775321212360E-002  0.000000000000000E+000
   140.000000000000       2.581205497489415E-002  0.000000000000000E+000
   141.000000000000       2.562899075521404E-002  0.000000000000000E+000
   142.000000000000       2.544850490482522E-002  0.000000000000000E+000
   143.000000000000       2.527054333206420E-002  0.000000000000000E+000
   144.000000000000       2.509505344781375E-002  0.000000000000000E+000
   145.000000000000       2.492198411369090E-002  0.000000000000000E+000
   146.000000000000       2.475128559236425E-002  0.000000000000000E+000
   147.000000000000       2.458290949989918E-002  0.000000000000000E+000
   148.000000000000       2.441680876003500E-002  0.000000000000000E+000
   149.000000000000       2.425293756030322E-002  0.000000000000000E+000
   150.000000000000       2.409125130990120E-002  0.000000000000000E+000
   151.000000000000       2.393170659923960E-002  0.000000000000000E+000
   152.000000000000       2.377426116108671E-002  0.000000000000000E+000
   153.000000000000       2.361887383323647E-002  0.000000000000000E+000
   154.000000000000       2.346550452263104E-002  0.000000000000000E+000
   155.000000000000       2.331411417087213E-002  0.000000000000000E+000
   156.000000000000       2.316466472105885E-002  0.000000000000000E+000
   157.000000000000       2.301711908589287E-002  0.000000000000000E+000
   158.000000000000       2.287144111699481E-002  0.000000000000000E+000
   159.000000000000       2.272759557537849E-002  0.000000000000000E+000
   160.000000000000       2.258554810303238E-002  0.000000000000000E+000
   161.000000000000       2.244526519556013E-002  0.000000000000000E+000
   162.000000000000       2.230671417583445E-002  0.000000000000000E+000
   163.000000000000       2.216986316862074E-002  0.000000000000000E+000
   164.000000000000       2.203468107612915E-002  0.000000000000000E+000
   165.000000000000       2.190113755445564E-002  0.000000000000000E+000
   166.000000000000       2.176920299087458E-002  0.000000000000000E+000
   167.000000000000       2.163884848194719E-002  0.000000000000000E+000
   168.000000000000       2.151004581241179E-002  0.000000000000000E+000
   169.000000000000       2.138276743482355E-002  0.000000000000000E+000
   170.000000000000       2.125698644991282E-002  0.000000000000000E+000
   171.000000000000       2.113267658763263E-002  0.000000000000000E+000
   172.000000000000       2.100981218886733E-002  0.000000000000000E+000
   173.000000000000       2.088836818777561E-002  0.000000000000000E+000
   174.000000000000       2.076832009474242E-002  0.000000000000000E+000
   175.000000000000       2.064964397991531E-002  0.000000000000000E+000
   176.000000000000       2.053231645730216E-002  0.000000000000000E+000
   177.000000000000       2.041631466940780E-002  0.000000000000000E+000
   178.000000000000       2.030161627238865E-002  0.000000000000000E+000
   179.000000000000       2.018819942170492E-002  0.000000000000000E+000
   180.000000000000       2.007604275825100E-002  0.000000000000000E+000
   181.000000000000       1.996512539494575E-002  0.000000000000000E+000
   182.000000000000       1.985542690376473E-002  0.000000000000000E+000
   183.000000000000       1.974692730319771E-002  0.000000000000000E+000
   184.000000000000       1.963960704611511E-002  0.000000000000000E+000
   185.000000000000       1.953344700802800E-002  0.000000000000000E+000
   186.000000000000       1.942842847572678E-002  0.000000000000000E+000
   187.000000000000       1.932453313628439E-002  0.000000000000000E+000
   188.000000000000       1.922174306641053E-002  0.000000000000000E+000
   189.000000000000       1.912004072214381E-002  0.000000000000000E+000
   190.000000000000       1.901940892886937E-002  0.000000000000000E+000
   191.000000000000       1.891983087165016E-002  0.000000000000000E+000
   192.000000000000       1.882129008586031E-002  0.000000000000000E+000
   193.000000000000       1.872377044810974E-002  0.000000000000000E+000
   194.000000000000       1.862725616744938E-002  0.000000000000000E+000
   195.000000000000       1.853173177684708E-002  0.000000000000000E+000
   196.000000000000       1.843718212492439E-002  0.000000000000000E+000
   197.000000000000       1.834359236794508E-002  0.000000000000000E+000
   198.000000000000       1.825094796204637E-002  0.000000000000000E+000
   199.000000000000       1.815923465570442E-002  0.000000000000000E+000
   200.000000000000       1.806843848242590E-002  0.000000000000000E+000
   201.000000000000       1.797854575365761E-002  0.000000000000000E+000
   202.000000000000       1.788954305190683E-002  0.000000000000000E+000
   203.000000000000       1.780141722406493E-002  0.000000000000000E+000
   204.000000000000       1.771415537492736E-002  0.000000000000000E+000
   205.000000000000       1.762774486090332E-002  0.000000000000000E+000
   206.000000000000       1.754217328390864E-002  0.000000000000000E+000
   207.000000000000       1.745742848543565E-002  0.000000000000000E+000
   208.000000000000       1.737349854079414E-002  0.000000000000000E+000
   209.000000000000       1.729037175351761E-002  0.000000000000000E+000
   210.000000000000       1.720803664992943E-002  0.000000000000000E+000
   211.000000000000       1.712648197386341E-002  0.000000000000000E+000
   212.000000000000       1.704569668153387E-002  0.000000000000000E+000
   213.000000000000       1.696566993655014E-002  0.000000000000000E+000
   214.000000000000       1.688639110507094E-002  0.000000000000000E+000
   215.000000000000       1.680784975109386E-002  0.000000000000000E+000
   216.000000000000       1.673003563187583E-002  0.000000000000000E+000
   217.000000000000       1.665293869348009E-002  0.000000000000000E+000
   218.000000000000       1.657654906644578E-002  0.000000000000000E+000
   219.000000000000       1.650085706157617E-002  0.000000000000000E+000
   220.000000000000       1.642585316584173E-002  0.000000000000000E+000
   221.000000000000       1.635152803839448E-002  0.000000000000000E+000
   222.000000000000       1.627787250669000E-002  0.000000000000000E+000
   223.000000000000       1.620487756271381E-002  0.000000000000000E+000
   224.000000000000       1.613253435930884E-002  0.000000000000000E+000
   225.000000000000       1.606083420660080E-002  0.000000000000000E+000
   226.000000000000       1.598976856851850E-002  0.000000000000000E+000
   227.000000000000       1.591932905940608E-002  0.000000000000000E+000
   228.000000000000       1.584950744072448E-002  0.000000000000000E+000
   229.000000000000       1.578029561783921E-002  0.000000000000000E+000
   230.000000000000       1.571168563689209E-002  0.000000000000000E+000
   231.000000000000       1.564366968175403E-002  0.000000000000000E+000
   232.000000000000       1.557624007105681E-002  0.000000000000000E+000
   233.000000000000       1.550938925530120E-002  0.000000000000000E+000
   234.000000000000       1.544310981403923E-002  0.000000000000000E+000
   235.000000000000       1.537739445312843E-002  0.000000000000000E+000
   236.000000000000       1.531223600205585E-002  0.000000000000000E+000
   237.000000000000       1.524762741132987E-002  0.000000000000000E+000
   238.000000000000       1.518356174993773E-002  0.000000000000000E+000
   239.000000000000       1.512003220286686E-002  0.000000000000000E+000
   240.000000000000       1.505703206868825E-002  0.000000000000000E+000
   241.000000000000       1.499455475719992E-002  0.000000000000000E+000
   242.000000000000       1.493259378712884E-002  0.000000000000000E+000
   243.000000000000       1.487114278388963E-002  0.000000000000000E+000
   244.000000000000       1.481019547739828E-002  0.000000000000000E+000
   245.000000000000       1.474974569993951E-002  0.000000000000000E+000
   246.000000000000       1.468978738408610E-002  0.000000000000000E+000
   247.000000000000       1.463031456066875E-002  0.000000000000000E+000
   248.000000000000       1.457132135679508E-002  0.000000000000000E+000
   249.000000000000       1.451280199391639E-002  0.000000000000000E+000
   250.000000000000       1.445475078594072E-002  0.000000000000000E+000
   251.000000000000       1.439716213739116E-002  0.000000000000000E+000
   252.000000000000       1.434003054160786E-002  0.000000000000000E+000
   253.000000000000       1.428335057899281E-002  0.000000000000000E+000
   254.000000000000       1.422711691529598E-002  0.000000000000000E+000
   255.000000000000       1.417132429994188E-002  0.000000000000000E+000
   256.000000000000       1.411596756439524E-002  0.000000000000000E+000
   257.000000000000       1.406104162056490E-002  0.000000000000000E+000
   258.000000000000       1.400654145924488E-002  0.000000000000000E+000
   259.000000000000       1.395246214859143E-002  0.000000000000000E+000
   260.000000000000       1.389879883263531E-002  0.000000000000000E+000
   261.000000000000       1.384554672982828E-002  0.000000000000000E+000
   262.000000000000       1.379270113162282E-002  0.000000000000000E+000
   263.000000000000       1.374025740108434E-002  0.000000000000000E+000
   264.000000000000       1.368821097153477E-002  0.000000000000000E+000
   265.000000000000       1.363655734522710E-002  0.000000000000000E+000
   266.000000000000       1.358529209204955E-002  0.000000000000000E+000
   267.000000000000       1.353441084825910E-002  0.000000000000000E+000
   268.000000000000       1.348390931524321E-002  0.000000000000000E+000
   269.000000000000       1.343378325830922E-002  0.000000000000000E+000
   270.000000000000       1.338402850550067E-002  0.000000000000000E+000
   271.000000000000       1.333464094643978E-002  0.000000000000000E+000
   272.000000000000       1.328561653119552E-002  0.000000000000000E+000
   273.000000000000       1.323695126917649E-002  0.000000000000000E+000
   274.000000000000       1.318864122804810E-002  0.000000000000000E+000
   275.000000000000       1.314068253267338E-002  0.000000000000000E+000
   276.000000000000       1.309307136407674E-002  0.000000000000000E+000
   277.000000000000       1.304580395843025E-002  0.000000000000000E+000
   278.000000000000       1.299887660606180E-002  0.000000000000000E+000
   279.000000000000       1.295228565048452E-002  0.000000000000000E+000
   280.000000000000       1.290602748744707E-002  0.000000000000000E+000
   281.000000000000       1.286009856400420E-002  0.000000000000000E+000
   282.000000000000       1.281449537760702E-002  0.000000000000000E+000
   283.000000000000       1.276921447521265E-002  0.000000000000000E+000
   284.000000000000       1.272425245241261E-002  0.000000000000000E+000
   285.000000000000       1.267960595257958E-002  0.000000000000000E+000
   286.000000000000       1.263527166603210E-002  0.000000000000000E+000
   287.000000000000       1.259124632921666E-002  0.000000000000000E+000
   288.000000000000       1.254752672390688E-002  0.000000000000000E+000
   289.000000000000       1.250410967641931E-002  0.000000000000000E+000
   290.000000000000       1.246099205684545E-002  0.000000000000000E+000
   291.000000000000       1.241817077829959E-002  0.000000000000000E+000
   292.000000000000       1.237564279618212E-002  0.000000000000000E+000
   293.000000000000       1.233340510745795E-002  0.000000000000000E+000
   294.000000000000       1.229145474994959E-002  0.000000000000000E+000
   295.000000000000       1.224978880164468E-002  0.000000000000000E+000
   296.000000000000       1.220840438001750E-002  0.000000000000000E+000
   297.000000000000       1.216729864136424E-002  0.000000000000000E+000
   298.000000000000       1.212646878015161E-002  0.000000000000000E+000
   299.000000000000       1.208591202837853E-002  0.000000000000000E+000
   300.000000000000       1.204562565495060E-002  0.000000000000000E+000
   301.000000000000       1.200560696506704E-002  0.000000000000000E+000
   302.000000000000       1.196585329961980E-002  0.000000000000000E+000
   303.000000000000       1.192636203460455E-002  0.000000000000000E+000
   304.000000000000       1.188713058054336E-002  0.000000000000000E+000
   305.000000000000       1.184815638191862E-002  0.000000000000000E+000
   306.000000000000       1.180943691661824E-002  0.000000000000000E+000
   307.000000000000       1.177096969539147E-002  0.000000000000000E+000
   308.000000000000       1.173275226131552E-002  0.000000000000000E+000
   309.000000000000       1.169478218927243E-002  0.000000000000000E+000
   310.000000000000       1.165705708543606E-002  0.000000000000000E+000
   311.000000000000       1.161957458676907E-002  0.000000000000000E+000
   312.000000000000       1.158233236052942E-002  0.000000000000000E+000
